Time(UTC),uu,uv,uw,uTs,uTc1,uH2O,vv,vw,vTs,vTc1,vH2O,ww,wTs,wTc1,wH2O,TsTs,Tc1Tc1,H2OH2O,u,v,w,Ts,Tc1,H2O,Uyp,WDy,WDyWDy,wgwg,wguy,wgTc2,uywg,uyTc2,Tc2Tc2,wg,Uy,Tc2,wdir_Y
2024-09-17 14:30:00,0.875,-0.224,0.104,0.046,0.071,0.099,1.832,-0.013,-0.126,-0.187,-0.093,0.266,0.026,0.037,0.063,0.045369,0.164025,0.103684,-1.764,1.823,-0.088,25.29,20.26,24.67,0.0,0.0,0.0,,,,0.0,,,,0.0,,
2024-09-17 15:00:00,1.131,-0.373,0.152,0.075,0.156,0.115,1.964,-0.056,-0.172,-0.184,-0.149,0.325,0.026,0.042,0.064,0.043681,0.116281,0.101124,-1.703,1.819,-0.091,25.4,20.4,24.64,0.0,0.0,0.0,,,,0.0,,,,0.0,,
2024-09-17 15:30:00,1.219,-0.505,0.075,0.044,0.122,0.095,2.114,0.036,-0.121,-0.199,-0.104,0.349,0.01,0.019,0.046,0.023716,0.074529,0.073441,-1.92,2.047,-0.129,25.52,20.35,24.6,0.0,0.0,0.0,,,,0.0,,,,0.0,,
2024-09-17 16:00:00,1.08,-0.365,0.155,0.033,0.077,0.064,1.663,-0.034,-0.037,-0.023,-0.035,0.309,0.002,0.011,0.034,0.0144,0.0484,0.053824,-1.732,0.819,-0.112,25.57,20.29,24.54,0.0,0.0,0.0,,,,0.0,,,,0.0,,
2024-09-17 16:30:00,0.926,-0.12,0.131,-0.004,-0.005,0.055,1.283,0.019,-0.023,-0.047,-0.008,0.304,-0.017,-0.007,0.039,0.014161,0.022801,0.038809,-2.065,1.666,-0.138,25.49,20.02,24.14,0.0,0.0,0.0,,,,0.0,,,,0.0,,
2024-09-17 17:00:00,0.582,-0.077,0.075,-0.029,-0.028,0.03,0.872,0.012,0.018,0.005,-0.024,0.182,-0.025,-0.021,0.024,0.029241,0.023716,0.029241,-1.503,1.403,-0.055,25.09,19.33,24.11,0.0,0.0,0.0,,,,0.0,,,,0.0,,
2024-09-17 17:30:00,0.381,-0.173,0.062,-0.029,-0.024,0.016,0.552,0.002,0.018,0.008,-0.021,0.141,-0.018,-0.013,0.01,0.032041,0.023104,0.019044,-1.14,0.362,-0.05,24.57,18.59,24.97,0.0,0.0,0.0,,,,0.0,,,,0.0,,
2024-09-17 18:00:00,0.493,-0.23,0.082,-0.04,-0.039,0.02,0.74,-0.02,0.029,0.024,-0.015,0.152,-0.023,-0.019,0.01,0.0324,0.024649,0.008281,-1.196,0.502,-0.093,23.85,17.71,25.47,0.0,0.0,0.0,,,,0.0,,,,0.0,,
2024-09-17 18:30:00,0.407,-0.151,0.062,-0.027,-0.031,0.009,0.694,-0.024,0.023,0.017,-0.01,0.136,-0.019,-0.015,0.007,0.0324,0.024649,0.0049,-1.179,0.418,-0.056,23.28,17.12,25.27,0.0,0.0,0.0,,,,0.0,,,,0.0,,
2024-09-17 19:00:00,0.37,-0.061,0.069,-0.029,-0.035,0.011,0.611,-0.005,0.003,-0.002,-0.001,0.149,-0.017,-0.017,0.006,0.026244,0.019881,0.003025,-1.236,0.156,-0.063,22.82,16.64,25.22,0.0,0.0,0.0,,,,0.0,,,,0.0,,
2024-09-17 19:30:00,0.484,-0.029,0.091,-0.033,-0.04,0.015,0.531,-0.039,-0.004,-0.013,0.003,0.187,-0.018,-0.016,0.006,0.0225,0.015876,0.0036,-1.29,0.122,-0.055,22.34,16.17,25.16,0.0,0.0,0.0,,,,0.0,,,,0.0,,
2024-09-17 20:00:00,0.602,-0.362,0.07,-0.031,-0.033,0.01,1.16,-0.008,0.044,0.041,-0.015,0.207,-0.026,-0.02,0.008,0.027556,0.019044,0.003364,-1.555,0.889,-0.105,22.08,15.92,25.12,0.0,0.0,0.0,,,,0.0,,,,0.0,,
2024-09-17 20:30:00,0.337,-0.116,0.044,-0.017,-0.023,0.003,0.61,0.018,0.008,0.002,-0.003,0.123,-0.015,-0.011,0.002,0.024964,0.0169,0.001521,-0.959,0.325,-0.028,21.65,15.46,25.19,0.0,0.0,0.0,,,,0.0,,,,0.0,,
2024-09-17 21:00:00,0.328,-0.152,0.036,-0.021,-0.024,0.001,0.572,-0.012,0.035,0.027,-0.005,0.122,-0.021,-0.016,0.002,0.031684,0.021609,0.001444,-0.866,0.381,-0.042,21.3,15.11,25.21,0.0,0.0,0.0,,,,0.0,,,,0.0,,
2024-09-17 21:30:00,0.407,-0.137,0.057,-0.035,-0.033,0.001,0.668,-0.028,0.04,0.032,-0.003,0.12,-0.019,-0.013,0.002,0.038809,0.024649,0.000961,-0.936,0.408,-0.03,21.12,14.93,25.27,0.0,0.0,0.0,,,,0.0,,,,0.0,,
2024-09-17 22:00:00,0.495,-0.159,0.055,-0.032,-0.038,0.001,0.734,-0.024,0.024,0.014,-0.006,0.132,-0.019,-0.014,0.001,0.026569,0.017161,0.000729,-0.997,0.817,-0.075,21.09,14.87,25.4,0.0,0.0,0.0,,,,0.0,,,,0.0,,
2024-09-17 22:30:00,0.214,-0.029,0.018,-0.017,-0.017,-0.003,0.284,-0.008,0.023,0.012,0.0,0.073,-0.015,-0.01,-0.001,0.032761,0.018496,0.000729,-0.624,0.477,-0.019,20.76,14.52,25.43,0.0,0.0,0.0,,,,0.0,,,,0.0,,
2024-09-17 23:00:00,0.154,-0.025,0.01,-0.018,-0.015,-0.002,0.307,0.0,0.03,0.018,0.003,0.052,-0.012,-0.007,-0.001,0.046656,0.030976,0.001681,-0.368,0.474,-0.002,20.49,14.24,25.36,0.0,0.0,0.0,,,,0.0,,,,0.0,,
2024-09-17 23:30:00,0.147,0.0,0.025,-0.031,-0.027,-0.006,0.202,-0.014,0.011,0.003,0.002,0.057,-0.015,-0.008,-0.002,0.044521,0.025281,0.002209,-0.609,-0.05,-0.034,20.11,13.89,25.31,0.0,0.0,0.0,,,,0.0,,,,0.0,,
2024-09-18 00:00:00,0.326,-0.127,0.049,-0.038,-0.026,-0.003,0.384,-0.021,0.031,0.017,0.003,0.1,-0.019,-0.011,-0.002,0.030276,0.015376,0.0009,-0.927,0.122,-0.051,20.09,13.88,25.37,0.0,0.0,0.0,,,,0.0,,,,0.0,,
2024-09-18 00:30:00,0.234,-0.085,0.029,-0.027,-0.02,-0.003,0.376,0.001,0.019,0.005,-0.003,0.075,-0.017,-0.01,-0.003,0.027889,0.012544,0.001521,-0.761,0.328,-0.051,20.18,13.95,25.46,0.0,0.0,0.0,,,,0.0,,,,0.0,,
2024-09-18 01:00:00,0.208,-0.082,0.019,-0.027,-0.019,-0.004,0.364,0.016,0.033,0.014,0.003,0.068,-0.009,-0.005,-0.003,0.029241,0.013456,0.002209,-0.708,0.299,-0.017,20.02,13.78,25.5,0.0,0.0,0.0,,,,0.0,,,,0.0,,
2024-09-18 01:30:00,0.219,-0.043,0.032,-0.028,-0.019,-0.006,0.214,-0.005,0.012,-0.004,0.0,0.075,-0.017,-0.01,-0.003,0.0289,0.013924,0.001764,-0.734,0.251,-0.06,19.94,13.69,25.49,0.0,0.0,0.0,,,,0.0,,,,0.0,,
2024-09-18 02:00:00,0.204,-0.068,0.031,-0.021,-0.013,-0.004,0.267,0.002,0.016,0.003,0.001,0.077,-0.013,-0.007,-0.003,0.024964,0.011025,0.001681,-0.738,0.169,-0.018,19.83,13.6,25.42,0.0,0.0,0.0,,,,0.0,,,,0.0,,
2024-09-18 02:30:00,0.235,-0.068,0.051,-0.031,-0.021,-0.007,0.3,-0.009,0.014,0.003,0.0,0.091,-0.015,-0.008,-0.004,0.025921,0.011881,0.001849,-0.82,0.209,-0.038,19.75,13.53,25.36,0.0,0.0,0.0,,,,0.0,,,,0.0,,
2024-09-18 03:00:00,0.226,-0.022,0.031,-0.02,-0.016,-0.004,0.224,0.002,0.005,-0.003,0.0,0.078,-0.01,-0.006,-0.003,0.016641,0.007744,0.001156,-0.745,0.134,-0.031,19.69,13.47,25.38,0.0,0.0,0.0,,,,0.0,,,,0.0,,
2024-09-18 03:30:00,0.305,-0.111,0.03,-0.031,-0.019,-0.003,0.392,-0.022,0.025,0.009,0.001,0.108,-0.018,-0.009,-0.004,0.023716,0.010816,0.001681,-0.767,0.153,-0.056,19.64,13.43,25.39,0.0,0.0,0.0,,,,0.0,,,,0.0,,
2024-09-18 04:00:00,0.596,-0.172,0.066,-0.038,-0.022,-0.006,0.816,-0.035,0.031,0.017,0.0,0.173,-0.016,-0.008,-0.001,0.020449,0.007396,0.000841,-1.371,0.603,-0.066,19.76,13.56,25.42,0.0,0.0,0.0,,,,0.0,,,,0.0,,
2024-09-18 04:30:00,0.75,-0.191,0.104,-0.033,-0.027,-0.005,1.034,-0.027,0.018,0.005,-0.003,0.211,-0.016,-0.009,-0.002,0.013689,0.004761,0.000576,-1.415,0.631,-0.096,19.75,13.56,25.42,0.0,0.0,0.0,,,,0.0,,,,0.0,,
2024-09-18 05:00:00,0.413,-0.195,0.031,-0.014,-0.011,-0.002,0.789,-0.012,0.014,0.001,-0.001,0.139,-0.012,-0.005,-0.001,0.012321,0.004356,0.000625,-0.956,0.675,-0.07,19.64,13.45,25.34,0.0,0.0,0.0,,,,0.0,,,,0.0,,
2024-09-18 05:30:00,0.528,-0.145,0.054,-0.014,-0.011,-0.001,0.616,0.006,0.009,-0.001,-0.003,0.148,-0.009,-0.003,0.001,0.006084,0.001521,0.000625,-1.056,0.729,-0.039,19.53,13.39,25.35,0.0,0.0,0.0,,,,0.0,,,,0.0,,
2024-09-18 06:00:00,0.279,-0.066,0.03,-0.004,0.001,0.005,0.528,-0.017,-0.007,-0.014,-0.005,0.087,-0.001,0.002,0.004,0.002601,0.001225,0.001681,-0.854,1.083,-0.011,19.53,13.41,25.51,0.0,0.0,0.0,,,,0.0,,,,0.0,,
2024-09-18 06:30:00,0.509,-0.098,0.077,0.001,0.003,0.006,0.971,-0.02,-0.019,-0.01,-0.003,0.173,0.005,0.005,0.006,0.004489,0.001849,0.0025,-1.5,1.395,-0.053,19.39,13.31,25.46,0.0,0.0,0.0,,,,0.0,,,,0.0,,
2024-09-18 07:00:00,0.593,-0.068,0.082,0.002,0.01,0.01,0.896,-0.026,-0.026,-0.019,-0.01,0.164,0.007,0.008,0.009,0.0064,0.0036,0.003969,-1.47,1.752,-0.032,19.43,13.37,25.54,0.0,0.0,0.0,,,,0.0,,,,0.0,,
2024-09-18 07:30:00,0.45,-0.089,0.044,0.0,0.008,0.007,0.491,-0.008,-0.011,-0.011,-0.005,0.115,0.007,0.009,0.01,0.006889,0.005776,0.005625,-1.424,1.259,-0.079,19.71,13.69,25.69,0.0,0.0,0.0,,,,0.0,,,,0.0,,
2024-09-18 08:00:00,0.371,-0.094,0.037,0.017,0.032,0.019,0.454,-0.011,-0.018,-0.017,-0.007,0.097,0.011,0.013,0.012,0.0169,0.020736,0.014884,-1.261,1.225,-0.08,20.07,14.17,25.85,0.0,0.0,0.0,,,,0.0,,,,0.0,,
2024-09-18 08:30:00,0.535,-0.197,0.082,0.022,0.024,0.021,0.583,-0.005,-0.031,-0.029,-0.014,0.164,0.02,0.02,0.021,0.024964,0.021025,0.0196,-1.571,1.081,-0.084,20.47,14.65,25.95,0.0,0.0,0.0,,,,0.0,,,,0.0,,
2024-09-18 09:00:00,0.598,-0.126,0.088,0.066,0.074,0.053,0.738,-0.011,-0.055,-0.054,-0.015,0.149,0.034,0.033,0.028,0.049729,0.060025,0.034596,-1.483,1.15,-0.099,20.98,15.41,26.05,0.0,0.0,0.0,,,,0.0,,,,0.0,,
2024-09-18 09:30:00,0.521,-0.168,0.087,0.076,0.067,0.049,0.779,-0.011,-0.098,-0.058,-0.011,0.157,0.049,0.043,0.038,0.099856,0.087025,0.0529,-1.811,1.246,-0.092,21.7,16.32,26.27,0.0,0.0,0.0,,,,0.0,,,,0.0,,
2024-09-18 10:00:00,0.32,-0.091,0.05,0.065,0.074,0.057,0.529,-0.007,-0.071,-0.044,-0.069,0.111,0.058,0.059,0.053,0.141376,0.162409,0.128881,-0.974,0.844,-0.041,22.7,17.41,26.72,0.0,0.0,0.0,,,,0.0,,,,0.0,,
2024-09-18 10:30:00,0.552,-0.101,0.06,0.072,0.077,0.047,0.884,-0.035,-0.12,-0.148,-0.053,0.115,0.051,0.049,0.046,0.139876,0.168921,0.138384,-1.239,1.329,-0.07,23.66,18.53,26.79,0.0,0.0,0.0,,,,0.0,,,,0.0,,
2024-09-18 11:00:00,0.714,-0.072,0.068,0.058,0.091,0.085,0.678,-0.018,-0.076,-0.103,-0.059,0.152,0.05,0.057,0.066,0.112896,0.190096,0.188356,-1.121,1.635,-0.088,24.66,19.62,26.79,0.0,0.0,0.0,,,,0.0,,,,0.0,,
2024-09-18 11:30:00,0.761,-0.107,0.093,0.051,0.093,0.116,0.897,-0.021,-0.103,-0.068,-0.026,0.18,0.043,0.048,0.061,0.110224,0.147456,0.154449,-1.584,1.602,-0.106,25.25,20.06,26.66,0.0,0.0,0.0,,,,0.0,,,,0.0,,
2024-09-18 12:00:00,0.859,-0.071,0.121,0.089,0.17,0.127,1.338,-0.042,-0.071,-0.016,-0.024,0.229,0.052,0.063,0.074,0.093025,0.188356,0.178929,-1.582,1.522,-0.076,25.95,20.97,26.42,0.0,0.0,0.0,,,,0.0,,,,0.0,,
2024-09-18 12:30:00,0.478,-0.096,0.053,0.045,0.141,0.065,0.907,-0.027,-0.106,-0.047,-0.106,0.141,0.055,0.063,0.075,0.126025,0.259081,0.247009,-1.262,1.308,-0.063,26.63,21.8,27.35,0.0,0.0,0.0,,,,0.0,,,,0.0,,
2024-09-18 13:00:00,0.749,0.09,0.086,0.024,0.106,0.054,1.763,-0.013,-0.15,-0.095,-0.046,0.214,0.046,0.058,0.06,0.091204,0.200704,0.2025,-1.347,1.685,-0.076,27.03,22.13,27.05,0.0,0.0,0.0,,,,0.0,,,,0.0,,
2024-09-18 13:30:00,0.668,-0.192,0.069,0.062,0.119,0.074,1.2,0.004,-0.094,-0.109,-0.031,0.189,0.047,0.04,0.063,0.096721,0.148225,0.1444,-1.623,1.319,-0.059,27.21,22.29,27.68,0.0,0.0,0.0,,,,0.0,,,,0.0,,
2024-09-18 14:00:00,1.023,-0.084,0.089,0.054,0.151,0.107,1.973,-0.036,-0.174,-0.16,-0.126,0.251,0.03,0.035,0.059,0.057121,0.142884,0.166464,-1.747,2.049,-0.077,27.49,22.54,26.7,0.0,0.0,0.0,,,,0.0,,,,0.0,,
2024-09-18 14:30:00,0.867,0.023,0.077,0.002,0.069,0.025,1.353,0.008,-0.1,-0.088,-0.1,0.21,0.016,0.02,0.053,0.038025,0.123904,0.138384,-1.43,1.923,-0.064,27.75,22.84,26.72,0.0,0.0,0.0,,,,0.0,,,,0.0,,
2024-09-18 15:00:00,0.862,-0.233,0.115,0.037,0.069,0.081,1.271,-0.029,-0.076,-0.135,-0.016,0.235,0.019,0.024,0.049,0.027556,0.058081,0.082944,-1.916,1.693,-0.114,27.53,22.36,27.08,0.0,0.0,0.0,,,,0.0,,,,0.0,,
2024-09-18 15:30:00,0.807,-0.117,0.095,0.024,0.048,0.048,1.123,-0.022,-0.049,-0.055,-0.035,0.232,0.016,0.019,0.039,0.017424,0.040401,0.060516,-1.757,1.462,-0.095,27.48,22.15,27.52,0.0,0.0,0.0,,,,0.0,,,,0.0,,
2024-09-18 16:00:00,0.971,-0.21,0.154,0.02,0.044,0.053,1.306,-0.043,-0.055,-0.083,-0.014,0.258,0.009,0.013,0.039,0.014884,0.0324,0.036864,-1.942,1.515,-0.082,27.3,21.87,27.73,0.0,0.0,0.0,,,,0.0,,,,0.0,,
2024-09-18 16:30:00,0.837,-0.329,0.111,0.003,0.025,0.044,1.247,0.028,-0.022,-0.063,-0.039,0.224,-0.002,0.003,0.023,0.010816,0.020164,0.024649,-1.888,1.438,-0.114,27.13,21.49,27.9,0.0,0.0,0.0,,,,0.0,,,,0.0,,
2024-09-18 17:00:00,0.447,-0.163,0.058,-0.022,-0.017,0.032,0.727,-0.005,-0.004,-0.009,-0.024,0.141,-0.015,-0.009,0.016,0.020449,0.015376,0.0196,-1.293,0.804,-0.044,26.8,20.95,28.03,0.0,0.0,0.0,,,,0.0,,,,0.0,,
2024-09-18 17:30:00,0.417,-0.108,0.076,-0.046,-0.039,0.023,0.502,-0.008,0.013,0.007,-0.016,0.136,-0.03,-0.02,0.012,0.040804,0.029241,0.008649,-1.287,0.897,-0.045,26.28,20.12,28.03,0.0,0.0,0.0,,,,0.0,,,,0.0,,
2024-09-18 18:00:00,0.27,-0.114,0.038,-0.049,-0.042,0.011,0.284,-0.02,0.032,0.017,-0.009,0.079,-0.021,-0.014,0.003,0.051529,0.033124,0.003721,-0.921,0.289,-0.076,25.64,19.28,28.09,0.0,0.0,0.0,,,,0.0,,,,0.0,,
2024-09-18 18:30:00,0.348,-0.097,0.057,-0.037,-0.031,0.004,0.538,-0.011,0.033,0.009,-0.008,0.128,-0.028,-0.02,0.003,0.062001,0.039601,0.002304,-1.119,0.382,-0.07,25.16,18.77,28.0,0.0,0.0,0.0,,,,0.0,,,,0.0,,
2024-09-18 19:00:00,0.528,-0.192,0.072,-0.042,-0.04,0.005,0.725,0.0,0.036,0.025,-0.007,0.178,-0.029,-0.023,0.004,0.042025,0.025281,0.005929,-1.461,1.003,-0.082,24.92,18.51,28.11,0.0,0.0,0.0,,,,0.0,,,,0.0,,
2024-09-18 19:30:00,0.597,-0.177,0.095,-0.039,-0.04,0.005,0.801,-0.029,0.023,0.015,-0.006,0.199,-0.028,-0.022,0.004,0.037249,0.023104,0.001156,-1.508,1.033,-0.08,24.7,18.3,28.12,0.0,0.0,0.0,,,,0.0,,,,0.0,,
2024-09-18 20:00:00,0.614,-0.199,0.085,-0.047,-0.049,0.007,0.751,-0.023,0.043,0.038,-0.007,0.193,-0.034,-0.026,0.004,0.043681,0.027889,0.001296,-1.48,1.161,-0.1,24.62,18.22,28.08,0.0,0.0,0.0,,,,0.0,,,,0.0,,
2024-09-18 20:30:00,0.601,-0.12,0.085,-0.043,-0.04,0.001,0.639,-0.023,0.017,0.014,-0.005,0.175,-0.023,-0.015,0.001,0.030625,0.016384,0.000576,-1.447,0.909,-0.062,24.1,17.69,28.31,0.0,0.0,0.0,,,,0.0,,,,0.0,,
2024-09-18 21:00:00,0.529,-0.121,0.052,-0.027,-0.027,-0.002,0.63,-0.04,0.037,0.031,0.002,0.154,-0.024,-0.016,-0.002,0.04,0.021609,0.000625,-1.112,1.584,-0.012,24.0,17.58,28.37,0.0,0.0,0.0,,,,0.0,,,,0.0,,
2024-09-18 21:30:00,0.583,-0.126,0.052,-0.043,-0.044,-0.001,0.859,-0.049,0.051,0.048,-0.003,0.155,-0.024,-0.018,0.0,0.041209,0.0256,0.000484,-1.256,1.733,-0.045,24.11,17.69,28.34,0.0,0.0,0.0,,,,0.0,,,,0.0,,
2024-09-18 22:00:00,0.341,-0.096,0.014,-0.038,-0.039,-0.004,0.321,-0.02,0.039,0.035,0.002,0.096,-0.021,-0.015,-0.002,0.052441,0.031329,0.001296,-0.738,1.32,-0.036,23.81,17.38,28.24,0.0,0.0,0.0,,,,0.0,,,,0.0,,
2024-09-18 22:30:00,0.398,-0.087,0.034,-0.043,-0.047,0.0,0.342,-0.024,0.047,0.044,0.0,0.084,-0.021,-0.015,-0.001,0.044944,0.028224,0.000729,-1.048,1.567,-0.05,23.75,17.34,28.07,0.0,0.0,0.0,,,,0.0,,,,0.0,,
2024-09-18 23:00:00,0.279,-0.062,0.031,-0.027,-0.026,-0.001,0.378,-0.011,0.025,0.025,-0.002,0.084,-0.017,-0.012,-0.001,0.04,0.022801,0.000625,-1.257,1.52,-0.052,23.55,17.18,27.98,0.0,0.0,0.0,,,,0.0,,,,0.0,,
2024-09-18 23:30:00,0.203,-0.089,0.028,-0.025,-0.026,0.0,0.428,-0.018,0.049,0.046,-0.002,0.068,-0.019,-0.013,-0.002,0.054289,0.029584,0.001521,-0.867,0.933,-0.019,23.21,16.79,27.89,0.0,0.0,0.0,,,,0.0,,,,0.0,,
2024-09-19 00:00:00,0.194,-0.025,0.019,-0.034,-0.035,-0.006,0.273,-0.012,0.031,0.022,0.003,0.05,-0.016,-0.011,-0.003,0.074529,0.045369,0.003721,-0.697,0.78,-0.04,22.94,16.52,27.77,0.0,0.0,0.0,,,,0.0,,,,0.0,,
2024-09-19 00:30:00,0.141,-0.068,0.02,-0.024,-0.02,-0.001,0.204,-0.015,0.031,0.021,0.001,0.056,-0.012,-0.008,-0.001,0.048841,0.024025,0.001849,-0.732,0.257,-0.046,22.51,16.1,27.65,0.0,0.0,0.0,,,,0.0,,,,0.0,,
2024-09-19 01:00:00,0.173,-0.077,0.006,-0.016,-0.016,-0.003,0.426,-0.002,0.025,0.021,-0.001,0.071,-0.01,-0.006,-0.003,0.038416,0.017161,0.002116,-0.779,0.541,-0.012,22.2,15.82,27.49,0.0,0.0,0.0,,,,0.0,,,,0.0,,
2024-09-19 01:30:00,0.149,-0.049,0.021,-0.018,-0.014,-0.004,0.195,-0.01,0.027,0.011,0.002,0.052,-0.013,-0.006,-0.003,0.040401,0.015129,0.003249,-0.679,0.278,-0.012,21.68,15.31,27.31,0.0,0.0,0.0,,,,0.0,,,,0.0,,
2024-09-19 02:00:00,0.142,-0.025,0.017,-0.022,-0.017,-0.003,0.248,-0.008,0.016,0.001,-0.003,0.047,-0.013,-0.006,-0.004,0.0441,0.017956,0.003721,-0.729,0.4,-0.032,21.42,15.04,27.09,0.0,0.0,0.0,,,,0.0,,,,0.0,,
2024-09-19 02:30:00,0.294,0.006,0.035,-0.025,-0.025,-0.011,0.493,0.001,0.023,0.006,0.002,0.087,-0.021,-0.014,-0.006,0.038809,0.017689,0.003969,-0.876,0.968,-0.048,21.37,15.0,27.1,0.0,0.0,0.0,,,,0.0,,,,0.0,,
2024-09-19 03:00:00,0.364,-0.104,0.059,-0.033,-0.029,-0.009,0.488,-0.002,0.03,0.015,0.002,0.1,-0.015,-0.01,-0.005,0.026569,0.011025,0.002304,-1.106,0.913,-0.034,21.32,14.99,27.08,0.0,0.0,0.0,,,,0.0,,,,0.0,,
2024-09-19 03:30:00,0.399,-0.24,0.065,-0.047,-0.037,-0.01,0.77,-0.033,0.066,0.046,0.009,0.116,-0.019,-0.012,-0.005,0.033489,0.0144,0.001849,-1.289,0.968,-0.024,21.28,14.98,27.03,0.0,0.0,0.0,,,,0.0,,,,0.0,,
2024-09-19 04:00:00,0.387,-0.15,0.059,-0.02,-0.014,-0.005,0.615,-0.022,0.025,0.011,0.002,0.108,-0.013,-0.007,-0.003,0.023409,0.007569,0.001521,-1.242,0.942,-0.047,21.14,14.84,26.97,0.0,0.0,0.0,,,,0.0,,,,0.0,,
2024-09-19 04:30:00,0.377,-0.139,0.058,-0.024,-0.015,-0.006,0.591,-0.009,0.013,0.005,0.002,0.118,-0.017,-0.009,-0.004,0.015625,0.005041,0.001156,-1.486,1.11,-0.049,21.0,14.72,26.95,0.0,0.0,0.0,,,,0.0,,,,0.0,,
2024-09-19 05:00:00,0.28,-0.068,0.043,-0.019,-0.012,-0.005,0.456,-0.012,0.014,0.002,0.002,0.093,-0.012,-0.006,-0.003,0.012769,0.0036,0.000961,-1.204,0.761,-0.029,20.94,14.66,26.97,0.0,0.0,0.0,,,,0.0,,,,0.0,,
2024-09-19 05:30:00,0.262,-0.113,0.041,-0.024,-0.016,-0.006,0.299,-0.003,0.024,0.011,0.003,0.071,-0.012,-0.007,-0.004,0.024025,0.008281,0.002209,-1.035,0.642,-0.043,20.93,14.59,26.82,0.0,0.0,0.0,,,,0.0,,,,0.0,,
2024-09-19 06:00:00,0.263,-0.109,0.056,-0.027,-0.014,-0.004,0.337,-0.001,0.016,0.003,0.001,0.094,-0.012,-0.006,-0.003,0.013225,0.0036,0.001024,-1.149,0.437,-0.07,20.84,14.57,26.82,0.0,0.0,0.0,,,,0.0,,,,0.0,,
2024-09-19 06:30:00,0.253,-0.05,0.035,-0.001,0.001,0.001,0.397,-0.003,0.003,-0.003,-0.002,0.096,-0.004,0.0,0.001,0.003844,0.000841,0.000729,-1.073,0.601,-0.057,20.91,14.7,27.03,0.0,0.0,0.0,,,,0.0,,,,0.0,,
2024-09-19 07:00:00,0.292,-0.055,0.061,0.006,0.008,0.01,0.458,-0.022,-0.005,-0.008,-0.003,0.101,0.004,0.006,0.008,0.004225,0.002916,0.004225,-1.293,1.008,-0.009,21.02,14.91,27.21,0.0,0.0,0.0,,,,0.0,,,,0.0,,
2024-09-19 07:30:00,0.302,-0.087,0.051,0.017,0.016,0.012,0.426,-0.004,-0.011,-0.01,-0.003,0.094,0.008,0.01,0.009,0.009801,0.007396,0.006724,-1.257,0.891,-0.059,20.91,14.9,27.19,0.0,0.0,0.0,,,,0.0,,,,0.0,,
2024-09-19 08:00:00,0.522,-0.148,0.071,0.017,0.016,0.013,0.793,0.017,-0.031,-0.027,-0.011,0.157,0.012,0.011,0.012,0.015129,0.009604,0.0081,-1.717,1.363,-0.095,20.85,14.87,27.07,0.0,0.0,0.0,,,,0.0,,,,0.0,,
2024-09-19 08:30:00,0.521,-0.2,0.069,0.032,0.032,0.025,0.65,-0.009,-0.032,-0.033,-0.012,0.144,0.019,0.018,0.017,0.018769,0.016641,0.014161,-1.432,1.113,-0.056,21.13,15.25,27.17,0.0,0.0,0.0,,,,0.0,,,,0.0,,
2024-09-19 09:00:00,0.764,-0.26,0.085,0.048,0.061,0.033,0.927,-0.029,-0.047,-0.044,-0.013,0.168,0.024,0.025,0.023,0.024649,0.028561,0.0196,-1.388,1.376,-0.044,21.57,15.76,27.32,0.0,0.0,0.0,,,,0.0,,,,0.0,,
2024-09-19 09:30:00,0.58,-0.196,0.097,0.048,0.083,0.045,0.928,-0.03,-0.072,-0.034,-0.018,0.18,0.038,0.038,0.039,0.068644,0.081796,0.058564,-1.458,1.108,-0.061,22.44,16.96,27.63,0.0,0.0,0.0,,,,0.0,,,,0.0,,
2024-09-19 10:00:00,0.586,-0.192,0.083,0.039,0.069,0.046,0.957,-0.02,-0.047,-0.056,-0.002,0.179,0.05,0.05,0.054,0.091809,0.101124,0.104976,-1.448,1.144,-0.044,23.99,18.71,27.89,0.0,0.0,0.0,,,,0.0,,,,0.0,,
2024-09-19 10:30:00,0.637,-0.191,0.089,0.093,0.131,0.113,0.747,-0.02,-0.065,-0.045,-0.044,0.153,0.055,0.055,0.067,0.131044,0.145924,0.166464,-1.489,1.481,-0.08,24.86,19.58,28.21,0.0,0.0,0.0,,,,0.0,,,,0.0,,
2024-09-19 11:00:00,0.544,-0.063,0.099,0.117,0.167,0.107,0.793,-0.01,-0.048,0.015,-0.018,0.171,0.061,0.066,0.062,0.1521,0.216225,0.145161,-1.367,0.45,-0.052,25.34,20.22,28.64,0.0,0.0,0.0,,,,0.0,,,,0.0,,
2024-09-19 11:30:00,0.694,-0.257,0.092,0.087,0.114,0.117,1.259,-0.009,-0.104,-0.048,-0.069,0.185,0.068,0.072,0.077,0.168921,0.192721,0.175561,-1.523,1.211,-0.082,26.02,20.74,28.5,0.0,0.0,0.0,,,,0.0,,,,0.0,,
2024-09-19 12:00:00,0.614,-0.201,0.077,0.059,0.113,0.08,1.258,0.01,-0.108,-0.14,-0.048,0.198,0.057,0.05,0.069,0.131044,0.163216,0.161604,-1.686,1.36,-0.07,26.73,21.64,28.2,0.0,0.0,0.0,,,,0.0,,,,0.0,,
2024-09-19 12:30:00,0.781,-0.281,0.089,0.093,0.198,0.12,1.11,-0.029,-0.107,-0.139,-0.075,0.184,0.051,0.05,0.066,0.112896,0.219024,0.194481,-1.556,1.286,-0.076,27.28,22.41,27.84,0.0,0.0,0.0,,,,0.0,,,,0.0,,
2024-09-19 13:00:00,0.965,-0.302,0.141,0.083,0.154,0.108,1.445,-0.044,-0.131,-0.14,-0.088,0.225,0.049,0.054,0.064,0.103684,0.156816,0.130321,-1.907,1.572,-0.104,27.51,22.55,28.09,0.0,0.0,0.0,,,,0.0,,,,0.0,,
2024-09-19 13:30:00,0.699,-0.149,0.082,0.043,0.133,0.072,1.477,0.012,-0.079,-0.063,-0.058,0.211,0.034,0.039,0.068,0.064516,0.137641,0.160801,-1.618,1.645,-0.078,27.88,22.94,27.99,0.0,0.0,0.0,,,,0.0,,,,0.0,,
2024-09-19 14:00:00,0.746,-0.323,0.09,0.062,0.143,0.146,1.176,-0.025,-0.093,-0.128,-0.115,0.168,0.033,0.042,0.062,0.071289,0.163216,0.205209,-1.438,1.115,-0.053,28.17,23.29,28.06,0.0,0.0,0.0,,,,0.0,,,,0.0,,
2024-09-19 14:30:00,0.675,-0.271,0.08,0.077,0.166,0.092,1.177,0.01,-0.081,-0.124,-0.058,0.182,0.026,0.043,0.046,0.055696,0.149769,0.121801,-1.521,1.037,-0.071,28.1,23.1,27.89,0.0,0.0,0.0,,,,0.0,,,,0.0,,
2024-09-19 15:00:00,0.861,-0.155,0.125,0.024,0.083,0.093,1.193,-0.001,-0.08,-0.091,-0.038,0.203,0.016,0.021,0.049,0.034969,0.076729,0.093636,-1.689,1.458,-0.063,27.74,22.57,27.94,0.0,0.0,0.0,,,,0.0,,,,0.0,,
2024-09-19 15:30:00,0.68,-0.266,0.099,0.028,0.079,0.08,1.122,0.005,-0.061,-0.086,-0.035,0.168,0.01,0.012,0.043,0.024964,0.063001,0.074529,-1.488,1.546,-0.075,27.51,22.14,28.08,0.0,0.0,0.0,,,,0.0,,,,0.0,,
2024-09-19 16:00:00,0.908,-0.405,0.109,0.031,0.057,0.069,1.14,-0.017,-0.052,-0.113,-0.044,0.212,0.007,0.012,0.033,0.014641,0.036481,0.038416,-1.693,1.509,-0.113,27.1,21.58,28.22,0.0,0.0,0.0,,,,0.0,,,,0.0,,
2024-09-19 16:30:00,0.729,-0.219,0.103,0.004,0.021,0.04,0.96,-0.021,-0.035,-0.055,-0.025,0.205,-0.009,0.0,0.026,0.013456,0.020736,0.023104,-1.67,1.323,-0.069,26.48,20.81,28.11,0.0,0.0,0.0,,,,0.0,,,,0.0,,
2024-09-19 17:00:00,0.656,-0.243,0.084,-0.014,-0.004,0.021,0.952,0.009,-0.006,-0.022,-0.015,0.186,-0.018,-0.007,0.015,0.017424,0.012769,0.013924,-1.446,1.179,-0.05,25.8,19.91,27.72,0.0,0.0,0.0,,,,0.0,,,,0.0,,
2024-09-19 17:30:00,0.502,-0.165,0.078,-0.02,-0.017,0.013,1.181,-0.001,0.007,-0.011,-0.013,0.186,-0.019,-0.011,0.008,0.0256,0.016384,0.007056,-1.597,1.343,-0.086,25.29,19.16,27.46,0.0,0.0,0.0,,,,0.0,,,,0.0,,
2024-09-19 18:00:00,0.541,-0.235,0.052,-0.048,-0.056,0.021,0.691,-0.052,0.059,0.059,-0.027,0.134,-0.028,-0.022,0.008,0.043264,0.031329,0.0064,-1.166,1.519,-0.06,24.78,18.47,27.28,0.0,0.0,0.0,,,,0.0,,,,0.0,,
2024-09-19 18:30:00,0.458,-0.155,0.043,-0.03,-0.037,0.008,0.579,-0.028,0.044,0.044,-0.016,0.135,-0.023,-0.018,0.003,0.043681,0.0289,0.003025,-1.147,1.471,-0.057,24.16,17.84,27.11,0.0,0.0,0.0,,,,0.0,,,,0.0,,
2024-09-19 19:00:00,0.646,-0.111,0.074,-0.025,-0.034,0.002,0.843,-0.031,0.037,0.037,-0.011,0.166,-0.021,-0.016,0.003,0.0324,0.021904,0.001369,-1.058,1.708,-0.028,23.53,17.21,27.08,0.0,0.0,0.0,,,,0.0,,,,0.0,,
2024-09-19 19:30:00,0.827,-0.062,0.069,-0.031,-0.033,0.003,1.066,-0.049,0.018,0.027,-0.004,0.228,-0.032,-0.024,0.004,0.031684,0.019321,0.001296,-1.264,2.239,-0.064,23.03,16.73,27.0,0.0,0.0,0.0,,,,0.0,,,,0.0,,
2024-09-19 20:00:00,0.521,-0.029,0.043,-0.028,-0.028,0.0,0.856,-0.02,0.022,0.014,-0.007,0.182,-0.029,-0.018,0.002,0.034596,0.0196,0.0009,-0.866,2.335,-0.059,22.51,16.21,26.75,0.0,0.0,0.0,,,,0.0,,,,0.0,,
2024-09-19 20:30:00,0.471,0.041,0.016,-0.016,-0.019,-0.002,0.584,-0.033,0.034,0.025,-0.003,0.16,-0.025,-0.015,0.001,0.027556,0.014641,0.000484,-0.76,2.422,-0.059,22.22,15.92,26.62,0.0,0.0,0.0,,,,0.0,,,,0.0,,
2024-09-19 21:00:00,0.563,-0.012,0.031,-0.025,-0.033,-0.002,0.631,-0.047,0.035,0.029,-0.001,0.15,-0.023,-0.014,0.0,0.0289,0.015876,0.0004,-1.048,2.224,-0.035,22.08,15.79,26.63,0.0,0.0,0.0,,,,0.0,,,,0.0,,
2024-09-19 21:30:00,0.361,-0.015,0.016,-0.021,-0.027,-0.003,0.321,-0.016,0.024,0.02,0.002,0.097,-0.019,-0.013,-0.001,0.028224,0.015129,0.000729,-0.898,1.67,-0.033,21.94,15.62,26.71,0.0,0.0,0.0,,,,0.0,,,,0.0,,
2024-09-19 22:00:00,0.281,-0.07,0.018,-0.018,-0.02,-0.002,0.406,-0.023,0.041,0.039,0.003,0.081,-0.014,-0.009,-0.001,0.033489,0.018496,0.000784,-1.076,1.516,-0.06,21.92,15.61,26.81,0.0,0.0,0.0,,,,0.0,,,,0.0,,
2024-09-19 22:30:00,0.369,-0.016,0.022,-0.026,-0.03,-0.005,0.457,-0.027,0.014,0.01,-0.001,0.105,-0.019,-0.012,-0.002,0.026896,0.013689,0.000729,-1.073,1.552,-0.018,22.0,15.68,26.93,0.0,0.0,0.0,,,,0.0,,,,0.0,,
2024-09-19 23:00:00,0.188,-0.07,0.021,-0.014,-0.018,-0.002,0.324,-0.016,0.03,0.022,0.001,0.066,-0.015,-0.008,-0.002,0.037249,0.018496,0.001089,-0.756,0.916,-0.016,21.95,15.6,26.98,0.0,0.0,0.0,,,,0.0,,,,0.0,,
2024-09-19 23:30:00,0.275,-0.03,0.026,-0.018,-0.022,-0.003,0.353,-0.013,0.019,0.018,0.001,0.09,-0.014,-0.009,-0.002,0.028224,0.014884,0.000961,-0.926,1.195,-0.04,22.0,15.65,27.07,0.0,0.0,0.0,,,,0.0,,,,0.0,,
2024-09-20 00:00:00,0.326,-0.053,0.029,-0.036,-0.034,-0.01,0.287,-0.011,0.027,0.015,0.004,0.086,-0.017,-0.013,-0.004,0.036481,0.019044,0.002304,-0.825,1.102,-0.032,21.7,15.34,26.99,0.0,0.0,0.0,,,,0.0,,,,0.0,,
2024-09-20 00:30:00,0.247,-0.048,0.045,-0.028,-0.022,-0.005,0.265,-0.02,0.016,0.005,0.001,0.072,-0.018,-0.01,-0.003,0.042025,0.017424,0.001681,-0.997,0.924,-0.007,21.62,15.27,26.97,0.0,0.0,0.0,,,,0.0,,,,0.0,,
2024-09-20 01:00:00,0.21,-0.065,0.023,-0.018,-0.021,-0.003,0.34,-0.001,0.031,0.019,0.0,0.073,-0.014,-0.007,-0.002,0.028224,0.012996,0.000961,-0.925,0.761,-0.026,21.54,15.2,26.78,0.0,0.0,0.0,,,,0.0,,,,0.0,,
2024-09-20 01:30:00,0.189,-0.057,0.024,-0.013,-0.011,-0.001,0.246,-0.002,0.015,0.003,-0.001,0.068,-0.013,-0.006,-0.001,0.026569,0.008649,0.001089,-0.851,0.577,-0.037,21.2,14.9,26.61,0.0,0.0,0.0,,,,0.0,,,,0.0,,
2024-09-20 02:00:00,0.238,-0.074,0.035,-0.02,-0.016,-0.001,0.299,-0.006,0.027,0.01,-0.001,0.071,-0.014,-0.007,0.0,0.026244,0.009216,0.000729,-0.915,0.758,-0.022,21.16,14.87,26.38,0.0,0.0,0.0,,,,0.0,,,,0.0,,
2024-09-20 02:30:00,0.233,-0.034,0.018,-0.007,-0.009,-0.001,0.416,-0.013,0.038,0.031,0.002,0.074,-0.016,-0.009,-0.001,0.035344,0.017161,0.000841,-0.852,0.967,-0.045,21.25,14.98,26.29,0.0,0.0,0.0,,,,0.0,,,,0.0,,
2024-09-20 03:00:00,0.188,-0.045,0.012,-0.02,-0.02,-0.007,0.282,-0.003,0.021,0.01,0.005,0.064,-0.015,-0.009,-0.004,0.043681,0.019881,0.004225,-0.604,0.875,-0.025,21.23,14.89,26.6,0.0,0.0,0.0,,,,0.0,,,,0.0,,
2024-09-20 03:30:00,0.27,-0.067,0.021,-0.017,-0.019,-0.002,0.378,0.0,0.025,0.01,0.0,0.08,-0.018,-0.011,-0.004,0.047961,0.021025,0.002916,-0.733,1.024,-0.031,21.45,15.09,26.86,0.0,0.0,0.0,,,,0.0,,,,0.0,,
2024-09-20 04:00:00,0.224,-0.016,0.014,-0.008,-0.009,-0.003,0.332,-0.012,0.03,0.026,0.006,0.072,-0.02,-0.013,-0.006,0.045796,0.021609,0.003481,-0.525,1.23,-0.029,21.53,15.16,26.91,0.0,0.0,0.0,,,,0.0,,,,0.0,,
2024-09-20 04:30:00,0.22,-0.087,0.022,-0.027,-0.022,-0.006,0.396,-0.015,0.045,0.032,0.006,0.065,-0.015,-0.01,-0.004,0.042436,0.019881,0.002601,-0.874,1.046,-0.034,21.4,15.05,26.89,0.0,0.0,0.0,,,,0.0,,,,0.0,,
2024-09-20 05:00:00,0.183,-0.004,0.018,-0.017,-0.016,-0.004,0.353,0.009,0.033,0.019,0.003,0.06,-0.016,-0.009,-0.004,0.052441,0.022801,0.003249,-0.652,0.815,-0.004,21.24,14.9,26.71,0.0,0.0,0.0,,,,0.0,,,,0.0,,
2024-09-20 05:30:00,0.244,-0.034,0.01,-0.024,-0.019,-0.004,0.234,-0.013,0.025,0.012,0.001,0.07,-0.018,-0.009,-0.004,0.0441,0.0169,0.003025,-0.849,1.327,-0.013,21.04,14.72,26.43,0.0,0.0,0.0,,,,0.0,,,,0.0,,
2024-09-20 06:00:00,0.352,-0.012,0.027,-0.025,-0.022,-0.004,0.387,-0.018,0.027,0.017,-0.002,0.112,-0.018,-0.01,-0.002,0.025921,0.01,0.001089,-1.002,1.839,-0.03,20.96,14.75,26.17,0.0,0.0,0.0,,,,0.0,,,,0.0,,
2024-09-20 06:30:00,0.475,-0.007,0.012,-0.011,-0.001,0.002,0.505,-0.041,0.023,0.017,-0.014,0.155,-0.015,-0.006,0.006,0.015129,0.006241,0.002809,-0.953,2.221,-0.067,20.96,14.97,25.88,0.0,0.0,0.0,,,,0.0,,,,0.0,,
2024-09-20 07:00:00,0.571,-0.056,0.046,-0.007,0.02,0.023,0.658,-0.031,0.011,0.003,-0.03,0.17,-0.008,0.005,0.016,0.005776,0.010816,0.011025,-1.064,2.232,-0.071,21.15,15.37,25.67,0.0,0.0,0.0,,,,0.0,,,,0.0,,
2024-09-20 07:30:00,0.643,0.053,0.007,-0.005,0.013,0.004,0.86,-0.067,-0.007,0.012,-0.042,0.199,-0.003,0.012,0.028,0.003969,0.038809,0.028224,-0.72,2.839,-0.051,21.57,16.0,25.42,0.0,0.0,0.0,,,,0.0,,,,0.0,,
2024-09-20 08:00:00,0.524,0.053,0.013,0.001,-0.004,0.018,0.539,-0.038,-0.026,-0.024,-0.064,0.132,0.009,0.019,0.034,0.008649,0.126025,0.066564,-0.523,2.262,-0.028,22.17,16.87,25.47,0.0,0.0,0.0,,,,0.0,,,,0.0,,
2024-09-20 08:30:00,0.788,-0.077,0.022,0.039,0.095,0.086,0.657,-0.055,-0.035,-0.046,-0.079,0.178,0.021,0.034,0.054,0.017424,0.141376,0.099225,-0.86,2.472,-0.046,22.8,17.61,25.36,0.0,0.0,0.0,,,,0.0,,,,0.0,,
2024-09-20 09:00:00,0.91,0.082,0.016,0.018,0.043,0.061,1.103,-0.093,-0.055,-0.021,-0.105,0.231,0.028,0.032,0.062,0.026896,0.161604,0.128164,-0.853,2.934,-0.035,23.38,18.35,25.1,0.0,0.0,0.0,,,,0.0,,,,0.0,,
2024-09-20 09:30:00,1.169,-0.195,0.056,0.038,0.083,0.113,0.94,-0.075,-0.058,0.019,-0.111,0.241,0.028,0.042,0.063,0.029584,0.181476,0.142884,-0.966,3.177,-0.1,24.16,19.14,25.0,0.0,0.0,0.0,,,,0.0,,,,0.0,,
2024-09-20 10:00:00,1.164,0.102,0.018,0.018,0.025,0.101,1.091,-0.074,-0.1,-0.039,-0.106,0.236,0.036,0.042,0.076,0.047961,0.112225,0.174724,-1.128,3.043,-0.049,24.86,19.88,25.06,0.0,0.0,0.0,,,,0.0,,,,0.0,,
2024-09-20 10:30:00,1.097,0.066,0.032,0.003,-0.022,0.068,1.172,-0.094,-0.068,-0.022,-0.104,0.291,0.045,0.051,0.103,0.051529,0.159201,0.244036,-0.721,3.407,-0.07,25.35,20.36,25.06,0.0,0.0,0.0,,,,0.0,,,,0.0,,
2024-09-20 11:00:00,0.913,0.038,0.023,-0.009,-0.071,0.058,1.019,-0.096,-0.091,-0.085,-0.163,0.223,0.042,0.046,0.103,0.060025,0.183184,0.295936,-0.497,3.192,-0.045,26.04,21.26,25.14,0.0,0.0,0.0,,,,0.0,,,,0.0,,
2024-09-20 11:30:00,1.358,-0.065,0.03,0.035,0.06,0.129,1.501,-0.131,-0.126,-0.074,-0.225,0.338,0.046,0.056,0.117,0.055225,0.187489,0.289444,-0.916,3.717,-0.084,26.58,21.71,24.66,0.0,0.0,0.0,,,,0.0,,,,0.0,,
2024-09-20 12:00:00,1.624,0.161,0.011,-0.044,-0.041,0.07,1.558,-0.132,-0.165,-0.184,-0.213,0.308,0.053,0.072,0.12,0.074529,0.246016,0.299209,-0.745,3.195,-0.066,27.1,22.41,24.7,0.0,0.0,0.0,,,,0.0,,,,0.0,,
2024-09-20 12:30:00,1.555,-0.099,0.051,0.046,0.11,0.174,1.437,-0.167,-0.114,-0.095,-0.191,0.324,0.047,0.058,0.114,0.054289,0.264196,0.289444,-1.098,3.274,-0.047,27.43,22.86,24.54,0.0,0.0,0.0,,,,0.0,,,,0.0,,
2024-09-20 13:00:00,1.691,-0.107,0.072,-0.007,0.013,0.204,1.267,-0.081,-0.112,-0.145,-0.132,0.262,0.032,0.042,0.098,0.053824,0.286225,0.315844,-0.836,3.162,-0.039,27.65,23.07,24.59,0.0,0.0,0.0,,,,0.0,,,,0.0,,
2024-09-20 13:30:00,1.502,-0.002,0.009,-0.001,-0.061,0.063,1.306,-0.075,-0.115,-0.134,-0.215,0.242,0.025,0.038,0.084,0.049729,0.304704,0.364816,-0.556,3.083,-0.065,27.8,23.29,24.36,0.0,0.0,0.0,,,,0.0,,,,0.0,,
2024-09-20 14:00:00,0.664,-0.009,0.0,-0.023,-0.1,0.004,0.77,-0.054,-0.046,-0.061,-0.141,0.178,0.023,0.044,0.098,0.027556,0.326041,0.362404,-0.379,2.839,-0.073,28.0,23.6,24.17,0.0,0.0,0.0,,,,0.0,,,,0.0,,
2024-09-20 14:30:00,0.68,-0.121,0.016,0.0,-0.13,0.059,0.67,-0.04,-0.023,0.035,-0.124,0.171,0.011,0.029,0.089,0.0121,0.222784,0.330625,-0.043,2.566,-0.067,28.06,23.5,24.01,0.0,0.0,0.0,,,,0.0,,,,0.0,,
2024-09-20 15:00:00,0.892,-0.024,0.032,-0.02,-0.157,0.07,1.021,-0.106,-0.021,-0.033,-0.219,0.23,0.001,0.01,0.106,0.008649,0.165649,0.36,-0.068,2.91,-0.055,27.96,23.14,23.96,0.0,0.0,0.0,,,,0.0,,,,0.0,,
2024-09-20 15:30:00,0.707,0.01,0.037,-0.034,-0.048,0.109,0.886,-0.053,-0.014,0.012,-0.12,0.172,-0.01,0.0,0.068,0.013689,0.116964,0.244036,-0.642,2.507,-0.065,28.1,23.16,24.06,0.0,0.0,0.0,,,,0.0,,,,0.0,,
2024-09-20 16:00:00,0.662,-0.013,0.012,-0.039,-0.059,0.065,0.845,-0.078,0.02,0.019,-0.12,0.173,-0.019,-0.005,0.055,0.020449,0.082944,0.138384,-0.542,2.879,-0.047,27.85,22.82,23.99,0.0,0.0,0.0,,,,0.0,,,,0.0,,
2024-09-20 16:30:00,0.536,-0.051,0.016,-0.026,-0.031,0.027,0.835,-0.081,0.05,0.042,-0.117,0.166,-0.03,-0.02,0.043,0.040804,0.061504,0.092416,-0.531,2.715,-0.04,27.63,22.41,24.18,0.0,0.0,0.0,,,,0.0,,,,0.0,,
2024-09-20 17:00:00,0.501,-0.005,0.029,-0.04,-0.026,0.031,0.519,-0.045,0.044,0.029,-0.046,0.149,-0.032,-0.024,0.027,0.060516,0.047089,0.047961,-0.84,2.354,-0.041,27.21,21.67,24.18,0.0,0.0,0.0,,,,0.0,,,,0.0,,
2024-09-20 17:30:00,0.299,0.012,0.013,-0.035,-0.036,0.018,0.477,-0.021,0.076,0.066,-0.046,0.097,-0.029,-0.024,0.015,0.098596,0.078961,0.027556,-0.648,1.906,-0.023,26.52,20.66,24.33,0.0,0.0,0.0,,,,0.0,,,,0.0,,
2024-09-20 18:00:00,0.155,-0.03,0.016,-0.045,-0.032,0.012,0.237,-0.01,0.054,0.037,-0.014,0.058,-0.027,-0.022,0.006,0.147456,0.112896,0.011881,-0.314,1.6,-0.029,25.61,19.43,24.52,0.0,0.0,0.0,,,,0.0,,,,0.0,,
2024-09-20 18:30:00,0.146,-0.004,0.007,-0.033,-0.038,0.006,0.202,-0.018,0.042,0.028,-0.015,0.061,-0.031,-0.024,0.007,0.121104,0.0961,0.007921,-0.531,1.516,-0.021,25.06,18.83,24.47,0.0,0.0,0.0,,,,0.0,,,,0.0,,
2024-09-20 19:00:00,0.228,-0.065,0.024,-0.056,-0.065,0.013,0.372,-0.026,0.081,0.069,-0.026,0.092,-0.037,-0.034,0.009,0.126025,0.1024,0.009409,-0.613,1.716,-0.07,24.65,18.44,24.45,0.0,0.0,0.0,,,,0.0,,,,0.0,,
2024-09-20 19:30:00,0.332,-0.059,0.016,-0.056,-0.068,0.013,0.344,-0.036,0.052,0.05,-0.016,0.103,-0.029,-0.026,0.007,0.098596,0.081225,0.007056,-0.835,1.685,-0.031,24.32,18.15,24.53,0.0,0.0,0.0,,,,0.0,,,,0.0,,
2024-09-20 20:00:00,0.283,0.022,0.018,-0.032,-0.04,0.003,0.266,-0.01,0.029,0.026,-0.008,0.083,-0.026,-0.022,0.005,0.084681,0.070756,0.004624,-0.639,1.383,-0.017,23.79,17.61,24.62,0.0,0.0,0.0,,,,0.0,,,,0.0,,
2024-09-20 20:30:00,0.42,-0.098,0.014,-0.036,-0.049,0.006,0.308,-0.02,0.022,0.027,-0.007,0.096,-0.023,-0.02,0.006,0.057121,0.045796,0.003969,-1.028,1.563,-0.044,23.57,17.41,24.7,0.0,0.0,0.0,,,,0.0,,,,0.0,,
2024-09-20 21:00:00,0.277,0.008,0.016,-0.019,-0.03,0.003,0.352,-0.016,0.037,0.031,-0.011,0.088,-0.023,-0.021,0.005,0.0676,0.049729,0.0036,-0.738,1.646,-0.002,23.17,16.98,24.78,0.0,0.0,0.0,,,,0.0,,,,0.0,,
2024-09-20 21:30:00,0.283,-0.016,0.002,-0.013,-0.017,0.0,0.386,-0.023,0.04,0.044,-0.011,0.1,-0.025,-0.022,0.004,0.068121,0.051984,0.002809,-0.562,1.794,-0.031,22.82,16.64,24.83,0.0,0.0,0.0,,,,0.0,,,,0.0,,
2024-09-20 22:00:00,0.138,-0.016,0.009,-0.016,-0.013,0.0,0.217,-0.019,0.02,0.021,-0.005,0.059,-0.02,-0.018,0.002,0.068644,0.0529,0.0016,-0.351,1.349,-0.033,22.59,16.36,24.88,0.0,0.0,0.0,,,,0.0,,,,0.0,,
2024-09-20 22:30:00,0.216,-0.056,0.006,-0.046,-0.045,0.003,0.244,-0.02,0.063,0.059,-0.008,0.059,-0.019,-0.014,0.002,0.089401,0.071289,0.001369,-0.338,1.519,-0.011,22.43,16.19,24.91,0.0,0.0,0.0,,,,0.0,,,,0.0,,
2024-09-20 23:00:00,0.193,-0.059,0.012,-0.044,-0.051,0.001,0.196,-0.018,0.049,0.046,-0.005,0.059,-0.023,-0.018,0.002,0.076729,0.0625,0.001156,-0.52,1.308,-0.023,22.23,16.0,24.93,0.0,0.0,0.0,,,,0.0,,,,0.0,,
2024-09-20 23:30:00,0.144,-0.025,0.002,-0.032,-0.035,0.001,0.144,-0.008,0.023,0.022,-0.003,0.042,-0.013,-0.008,0.0,0.091809,0.069169,0.001024,-0.31,1.146,-0.019,21.95,15.67,24.91,0.0,0.0,0.0,,,,0.0,,,,0.0,,
2024-09-21 00:00:00,0.082,-0.018,0.006,-0.028,-0.034,0.001,0.106,-0.009,0.034,0.034,-0.003,0.029,-0.016,-0.011,0.0,0.100489,0.077284,0.001444,-0.334,1.061,-0.028,21.7,15.38,24.93,0.0,0.0,0.0,,,,0.0,,,,0.0,,
2024-09-21 00:30:00,0.162,-0.011,0.015,-0.034,-0.041,-0.002,0.147,-0.01,0.037,0.029,0.0,0.058,-0.024,-0.017,-0.001,0.080089,0.0529,0.001024,-0.521,1.33,-0.028,21.43,15.17,24.88,0.0,0.0,0.0,,,,0.0,,,,0.0,,
2024-09-21 01:00:00,0.112,-0.015,0.005,-0.033,-0.029,0.0,0.12,-0.008,0.034,0.027,-0.002,0.034,-0.016,-0.01,-0.001,0.093025,0.062001,0.002304,-0.352,1.24,-0.009,20.92,14.66,24.83,0.0,0.0,0.0,,,,0.0,,,,0.0,,
2024-09-21 01:30:00,0.064,-0.01,0.004,-0.025,-0.008,0.002,0.056,-0.006,0.018,0.009,-0.001,0.018,-0.008,-0.003,-0.001,0.093636,0.046225,0.003249,0.023,1.035,-0.008,20.6,14.34,24.77,0.0,0.0,0.0,,,,0.0,,,,0.0,,
2024-09-21 02:00:00,0.04,-0.011,0.003,-0.019,-0.004,0.003,0.036,-0.005,0.016,0.009,-0.002,0.013,-0.007,-0.004,0.0,0.070225,0.033489,0.002916,0.168,0.984,-0.01,20.48,14.24,24.76,0.0,0.0,0.0,,,,0.0,,,,0.0,,
2024-09-21 02:30:00,0.046,-0.002,0.001,-0.027,-0.007,0.003,0.042,-0.003,0.02,0.018,-0.003,0.012,-0.007,-0.003,0.0,0.094864,0.048841,0.003721,-0.024,1.029,-0.006,20.15,13.83,24.74,0.0,0.0,0.0,,,,0.0,,,,0.0,,
2024-09-21 03:00:00,0.159,-0.048,0.004,-0.055,-0.051,-0.001,0.113,0.0,0.026,0.029,-0.001,0.03,-0.013,-0.007,-0.002,0.106929,0.065025,0.003249,-0.422,1.15,-0.007,20.05,13.77,24.61,0.0,0.0,0.0,,,,0.0,,,,0.0,,
2024-09-21 03:30:00,0.114,-0.034,0.003,-0.048,-0.036,-0.005,0.093,-0.008,0.03,0.021,0.003,0.033,-0.011,-0.008,-0.003,0.085264,0.0441,0.004624,-0.2,1.127,-0.017,19.74,13.51,24.51,0.0,0.0,0.0,,,,0.0,,,,0.0,,
2024-09-21 04:00:00,0.052,-0.013,0.005,-0.021,-0.006,0.001,0.051,-0.005,0.017,0.01,0.002,0.018,-0.008,-0.006,-0.002,0.064516,0.030276,0.003969,0.173,0.964,0.009,19.37,13.15,24.42,0.0,0.0,0.0,,,,0.0,,,,0.0,,
2024-09-21 04:30:00,0.045,-0.003,0.005,-0.025,-0.007,0.001,0.029,-0.002,0.008,0.006,0.001,0.011,-0.006,-0.003,-0.001,0.072361,0.032041,0.002916,0.072,0.874,0.0,19.03,12.75,24.33,0.0,0.0,0.0,,,,0.0,,,,0.0,,
2024-09-21 05:00:00,0.124,-0.026,0.006,-0.044,-0.031,-0.005,0.091,-0.007,0.022,0.019,0.002,0.033,-0.01,-0.006,-0.002,0.088804,0.045796,0.004761,-0.27,1.134,-0.009,18.96,12.73,24.17,0.0,0.0,0.0,,,,0.0,,,,0.0,,
2024-09-21 05:30:00,0.053,-0.015,0.005,-0.014,-0.004,-0.001,0.059,-0.001,0.009,0.006,0.0,0.018,-0.007,-0.004,-0.002,0.048841,0.020449,0.003969,0.113,1.046,-0.012,18.65,12.47,24.07,0.0,0.0,0.0,,,,0.0,,,,0.0,,
2024-09-21 06:00:00,0.061,-0.006,0.001,-0.024,-0.014,-0.003,0.051,-0.003,0.012,0.007,0.003,0.019,-0.006,-0.004,-0.002,0.093025,0.039601,0.007056,-0.164,0.959,0.001,18.37,12.19,23.92,0.0,0.0,0.0,,,,0.0,,,,0.0,,
2024-09-21 06:30:00,0.1,-0.015,-0.003,-0.019,-0.005,-0.002,0.068,-0.002,0.006,0.002,0.0,0.024,-0.005,-0.003,0.001,0.027556,0.017424,0.001521,-0.356,0.817,0.005,18.72,13.01,24.11,0.0,0.0,0.0,,,,0.0,,,,0.0,,
2024-09-21 07:00:00,0.15,-0.044,0.007,-0.011,0.007,0.013,0.126,-0.012,0.009,-0.005,-0.013,0.034,-0.002,0.003,0.007,0.0081,0.028561,0.013225,-0.525,1.03,-0.017,19.37,13.92,24.34,0.0,0.0,0.0,,,,0.0,,,,0.0,,
2024-09-21 07:30:00,0.158,-0.015,0.01,0.005,0.026,0.022,0.124,-0.008,-0.008,-0.012,-0.017,0.04,0.004,0.011,0.014,0.009025,0.107584,0.039601,-0.437,1.169,-0.035,20.29,15.05,24.69,0.0,0.0,0.0,,,,0.0,,,,0.0,,
2024-09-21 08:00:00,0.159,0.036,0.005,0.007,-0.014,0.024,0.12,-0.008,-0.016,-0.009,-0.019,0.043,0.018,0.025,0.032,0.030625,0.252004,0.099225,-0.262,1.165,-0.03,21.33,16.35,25.11,0.0,0.0,0.0,,,,0.0,,,,0.0,,
2024-09-21 08:30:00,0.19,0.003,0.003,-0.006,-0.149,0.003,0.201,-0.025,-0.018,-0.025,-0.032,0.054,0.023,0.029,0.038,0.041209,0.395641,0.141376,0.008,1.638,-0.029,22.38,17.47,25.41,0.0,0.0,0.0,,,,0.0,,,,0.0,,
2024-09-21 09:00:00,0.318,-0.015,0.002,-0.002,-0.135,0.012,0.246,-0.023,-0.025,-0.02,-0.03,0.065,0.028,0.034,0.048,0.060516,0.3364,0.1849,0.1,1.891,-0.048,23.33,18.4,25.64,0.0,0.0,0.0,,,,0.0,,,,0.0,,
2024-09-21 09:30:00,0.329,0.004,-0.013,-0.01,-0.179,-0.019,0.232,-0.02,-0.039,-0.029,-0.067,0.061,0.032,0.045,0.059,0.091204,0.440896,0.294849,0.053,1.69,-0.044,24.17,19.14,25.82,0.0,0.0,0.0,,,,0.0,,,,0.0,,
2024-09-21 10:00:00,0.309,-0.015,0.014,0.028,0.003,0.074,0.38,-0.014,-0.059,-0.073,-0.025,0.079,0.047,0.05,0.077,0.1225,0.363609,0.316969,-0.597,1.317,-0.032,25.07,20.53,26.02,0.0,0.0,0.0,,,,0.0,,,,0.0,,
2024-09-21 10:30:00,0.545,-0.072,0.006,0.032,-0.14,0.109,0.401,-0.011,-0.031,-0.046,-0.046,0.091,0.043,0.049,0.078,0.097969,0.199809,0.369664,-0.051,1.563,-0.06,25.76,20.93,26.09,0.0,0.0,0.0,,,,0.0,,,,0.0,,
2024-09-21 11:00:00,0.483,-0.058,0.019,0.043,-0.177,0.12,0.361,-0.033,-0.076,-0.187,-0.157,0.072,0.049,0.057,0.101,0.151321,0.477481,0.654481,-0.073,1.744,-0.026,26.64,22.28,26.4,0.0,0.0,0.0,,,,0.0,,,,0.0,,
2024-09-21 11:30:00,0.511,-0.056,-0.01,0.033,-0.174,0.108,0.354,-0.047,-0.068,-0.049,-0.144,0.085,0.051,0.061,0.112,0.147456,0.315844,0.762129,0.187,1.688,-0.006,27.48,22.78,26.72,0.0,0.0,0.0,,,,0.0,,,,0.0,,
2024-09-21 12:00:00,0.808,-0.101,0.002,-0.001,-0.25,0.033,0.685,-0.053,-0.1,-0.058,-0.215,0.111,0.039,0.046,0.102,0.100489,0.289444,0.603729,0.246,2.252,-0.059,27.97,23.38,26.07,0.0,0.0,0.0,,,,0.0,,,,0.0,,
2024-09-21 12:30:00,0.504,-0.036,0.0,-0.008,-0.167,0.001,0.451,-0.035,-0.058,-0.098,-0.138,0.103,0.032,0.075,0.087,0.065536,0.594441,0.501264,-0.208,2.356,-0.079,28.4,24.17,25.99,0.0,0.0,0.0,,,,0.0,,,,0.0,,
2024-09-21 13:00:00,0.855,-0.247,-0.002,0.01,-0.2,0.032,0.674,-0.049,-0.048,-0.053,-0.143,0.127,0.029,0.072,0.102,0.051529,0.488601,0.627264,0.004,2.585,-0.069,28.72,24.37,24.89,0.0,0.0,0.0,,,,0.0,,,,0.0,,
2024-09-21 13:30:00,0.513,0.035,-0.025,-0.017,-0.192,-0.029,0.46,-0.056,-0.047,-0.137,-0.165,0.106,0.024,0.054,0.101,0.038809,0.248004,0.652864,0.617,2.138,-0.072,28.95,24.31,24.6,0.0,0.0,0.0,,,,0.0,,,,0.0,,
2024-09-21 14:00:00,0.519,-0.092,-0.019,-0.009,-0.171,-0.025,0.605,-0.053,-0.051,-0.031,-0.219,0.08,0.02,0.028,0.094,0.032041,0.158404,0.731025,0.826,1.938,-0.035,29.02,24.31,24.49,0.0,0.0,0.0,,,,0.0,,,,0.0,,
2024-09-21 14:30:00,0.33,-0.046,-0.011,-0.009,-0.125,-0.033,0.319,-0.05,-0.015,-0.011,-0.12,0.086,0.011,0.02,0.089,0.011881,0.1156,0.550564,0.735,1.885,-0.038,29.07,24.31,24.28,0.0,0.0,0.0,,,,0.0,,,,0.0,,
2024-09-21 15:00:00,0.292,-0.027,-0.005,-0.005,-0.137,0.002,0.292,-0.01,-0.009,-0.027,-0.124,0.06,0.004,0.018,0.066,0.007225,0.184041,0.648025,0.437,1.522,-0.05,29.2,24.51,24.42,0.0,0.0,0.0,,,,0.0,,,,0.0,,
2024-09-21 15:30:00,0.15,0.011,-0.01,-0.005,-0.079,-0.039,0.157,-0.02,0.004,-0.02,-0.126,0.035,-0.001,0.009,0.06,0.005776,0.0841,0.646416,0.549,1.304,-0.031,29.2,24.28,24.0,0.0,0.0,0.0,,,,0.0,,,,0.0,,
2024-09-21 16:00:00,0.128,-0.001,-0.003,0.009,-0.003,-0.045,0.122,-0.009,0.007,-0.006,-0.025,0.037,-0.006,-0.005,0.031,0.0225,0.033856,0.386884,0.986,0.61,-0.016,28.86,23.71,24.89,0.0,0.0,0.0,,,,0.0,,,,0.0,,
2024-09-21 16:30:00,0.034,0.004,-0.002,-0.005,-0.019,0.002,0.039,-0.003,0.01,0.005,-0.044,0.01,-0.003,0.0,0.012,0.029584,0.052441,0.465124,0.379,0.626,-0.012,28.65,23.34,25.64,0.0,0.0,0.0,,,,0.0,,,,0.0,,
2024-09-21 17:00:00,0.034,-0.005,0.0,-0.014,-0.028,0.021,0.045,-0.005,0.017,0.013,-0.035,0.012,-0.007,-0.003,0.011,0.065536,0.093025,0.2025,0.161,0.8,-0.023,28.2,22.6,25.41,0.0,0.0,0.0,,,,0.0,,,,0.0,,
2024-09-21 17:30:00,0.007,-0.002,0.0,-0.005,-0.006,-0.001,0.004,0.0,0.007,0.007,-0.001,0.001,-0.001,-0.001,0.001,0.074529,0.077841,0.175561,0.245,0.325,0.001,25.71,19.52,27.45,0.0,0.0,0.0,,,,0.0,,,,0.0,,
2024-09-21 18:00:00,0.006,-0.001,0.0,0.002,0.009,-0.004,0.007,0.0,0.002,0.001,-0.003,0.001,0.0,0.001,0.0,0.046225,0.073984,0.243049,0.132,0.207,-0.007,24.31,17.8,27.68,0.0,0.0,0.0,,,,0.0,,,,0.0,,
2024-09-21 18:30:00,0.022,0.002,0.003,0.019,0.019,0.003,0.018,-0.001,0.015,0.013,-0.002,0.006,-0.001,0.005,0.002,0.321489,0.222784,0.085849,0.178,0.546,0.0,23.65,17.19,27.6,0.0,0.0,0.0,,,,0.0,,,,0.0,,
2024-09-21 19:00:00,0.032,0.002,0.001,0.005,0.007,0.01,0.021,-0.001,0.034,0.026,-0.006,0.008,-0.002,0.004,0.0,0.665856,0.467856,0.060516,0.225,0.68,-0.011,24.0,17.67,26.84,0.0,0.0,0.0,,,,0.0,,,,0.0,,
2024-09-21 19:30:00,0.043,-0.001,0.004,-0.043,-0.027,0.023,0.029,-0.002,0.019,0.016,-0.004,0.012,-0.008,0.0,0.001,0.524176,0.339889,0.047524,0.11,0.691,-0.008,23.92,17.51,26.69,0.0,0.0,0.0,,,,0.0,,,,0.0,,
2024-09-21 20:00:00,0.059,-0.008,0.001,-0.015,-0.001,0.015,0.034,-0.001,0.043,0.034,-0.008,0.012,0.003,0.008,-0.001,0.485809,0.312481,0.027556,0.104,0.674,-0.002,23.54,17.13,26.57,0.0,0.0,0.0,,,,0.0,,,,0.0,,
2024-09-21 20:30:00,0.041,-0.002,0.004,-0.016,-0.003,0.012,0.031,-0.001,0.024,0.015,-0.002,0.014,-0.01,-0.003,0.001,0.3136,0.1936,0.014161,0.095,0.728,-0.005,23.31,16.95,26.32,0.0,0.0,0.0,,,,0.0,,,,0.0,,
2024-09-21 21:00:00,0.021,-0.001,0.001,0.039,0.03,0.003,0.018,-0.001,0.028,0.023,-0.001,0.005,0.002,0.007,-0.001,0.443556,0.242064,0.014641,0.244,0.314,0.009,21.77,15.44,26.45,0.0,0.0,0.0,,,,0.0,,,,0.0,,
2024-09-21 21:30:00,0.077,0.002,0.003,-0.024,-0.018,0.01,0.053,-0.003,0.024,0.024,-0.006,0.022,-0.005,0.001,0.0,0.4225,0.258064,0.023409,-0.161,0.62,-0.027,22.55,16.18,26.13,0.0,0.0,0.0,,,,0.0,,,,0.0,,
2024-09-21 22:00:00,0.059,-0.01,0.002,-0.02,-0.003,0.009,0.066,-0.002,0.021,0.012,-0.004,0.016,-0.002,0.001,0.001,0.257049,0.152881,0.009025,-0.006,0.977,-0.014,22.67,16.3,25.93,0.0,0.0,0.0,,,,0.0,,,,0.0,,
2024-09-21 22:30:00,0.063,-0.004,0.005,-0.034,-0.024,0.012,0.04,-0.001,0.004,0.003,-0.001,0.014,-0.012,-0.006,0.001,0.209764,0.110224,0.010201,0.022,0.87,-0.01,22.14,15.77,25.95,0.0,0.0,0.0,,,,0.0,,,,0.0,,
2024-09-21 23:00:00,0.038,-0.004,0.003,-0.029,-0.014,0.004,0.037,-0.002,0.003,0.001,-0.001,0.012,-0.006,-0.001,0.001,0.128881,0.0676,0.005184,0.096,0.785,-0.008,21.9,15.55,25.85,0.0,0.0,0.0,,,,0.0,,,,0.0,,
2024-09-21 23:30:00,0.032,-0.003,0.001,-0.02,-0.01,0.01,0.02,-0.001,0.003,0.0,0.0,0.009,-0.002,0.003,0.001,0.379456,0.192721,0.016641,0.37,0.641,0.01,21.16,14.88,25.84,0.0,0.0,0.0,,,,0.0,,,,0.0,,
2024-09-22 00:00:00,0.043,-0.002,0.003,-0.021,-0.008,0.012,0.026,-0.001,0.013,0.009,-0.003,0.011,-0.006,0.0,0.001,0.235225,0.113569,0.017424,0.296,0.875,0.002,20.98,14.72,25.79,0.0,0.0,0.0,,,,0.0,,,,0.0,,
2024-09-22 00:30:00,0.052,-0.002,0.006,-0.033,-0.014,0.003,0.042,-0.004,0.009,0.006,0.0,0.015,-0.01,-0.006,-0.001,0.113569,0.053824,0.003844,0.175,0.891,-0.002,21.08,14.81,25.55,0.0,0.0,0.0,,,,0.0,,,,0.0,,
2024-09-22 01:00:00,0.069,-0.003,0.006,-0.01,0.006,0.01,0.048,-0.003,0.019,0.012,0.005,0.019,-0.005,0.0,0.0,0.177241,0.077284,0.011664,0.227,0.867,0.006,20.78,14.54,25.49,0.0,0.0,0.0,,,,0.0,,,,0.0,,
2024-09-22 01:30:00,0.024,0.001,0.003,0.003,0.009,0.008,0.02,-0.001,0.018,0.014,0.005,0.007,-0.004,-0.003,-0.001,0.085849,0.042849,0.01,0.448,0.842,0.007,20.36,14.17,25.6,0.0,0.0,0.0,,,,0.0,,,,0.0,,
2024-09-22 02:00:00,0.008,0.005,0.0,0.018,0.016,0.017,0.012,0.0,0.028,0.024,0.022,0.002,-0.001,-0.001,0.0,0.143641,0.101761,0.1296,0.309,0.473,0.013,18.87,12.71,23.97,0.0,0.0,0.0,,,,0.0,,,,0.0,,
2024-09-22 02:30:00,0.013,0.005,-0.001,0.026,0.021,0.018,0.014,-0.001,0.035,0.027,-0.006,0.004,-0.003,-0.003,-0.007,0.259081,0.152881,0.755161,0.453,0.667,0.031,18.84,12.53,14.67,0.0,0.0,0.0,,,,0.0,,,,0.0,,
2024-09-22 03:00:00,0.019,0.006,0.0,0.014,0.011,0.003,0.022,-0.002,0.031,0.023,0.008,0.004,-0.003,-0.003,-0.001,0.143641,0.077284,0.2025,0.239,0.36,0.003,18.55,12.2,2.88,0.0,0.0,0.0,,,,0.0,,,,0.0,,
2024-09-22 03:30:00,0.033,-0.003,0.002,-0.028,-0.008,0.005,0.032,-0.001,0.018,0.01,0.016,0.01,-0.007,-0.004,0.008,0.166464,0.058564,0.923521,-0.068,0.748,0.005,19.34,12.73,-0.385,0.0,0.0,0.0,,,,0.0,,,,0.0,,
2024-09-22 04:00:00,0.041,-0.003,0.0,-0.02,-0.006,0.164,0.046,-0.002,0.041,0.031,-0.001,0.01,-0.004,-0.002,-0.003,0.118336,0.061009,1.129969,0.178,0.458,0.002,19.36,13.04,22.97,0.0,0.0,0.0,,,,0.0,,,,0.0,,
2024-09-22 04:30:00,0.027,0.008,0.0,0.027,0.023,-0.004,0.021,-0.001,0.024,0.017,-0.002,0.005,-0.002,-0.001,-0.004,0.137641,0.069696,0.072361,0.192,0.177,0.001,18.47,12.17,23.31,0.0,0.0,0.0,,,,0.0,,,,0.0,,
2024-09-22 05:00:00,0.02,0.008,0.001,0.016,0.013,0.004,0.019,-0.001,0.021,0.014,0.008,0.004,-0.002,-0.001,-0.011,0.059049,0.031684,0.358801,0.125,0.069,-0.005,18.37,12.03,19.4,0.0,0.0,0.0,,,,0.0,,,,0.0,,
2024-09-22 05:30:00,0.029,-0.008,0.001,0.006,0.001,-0.055,0.023,-0.001,0.023,0.016,0.05,0.003,-0.002,-0.001,-0.004,0.075625,0.033856,0.2809,0.122,0.001,0.006,18.55,12.15,10.88,0.0,0.0,0.0,,,,0.0,,,,0.0,,
2024-09-22 06:00:00,0.042,-0.005,0.001,-0.022,-0.009,0.018,0.027,-0.002,0.006,0.004,0.043,0.008,-0.004,-0.002,-0.005,0.065025,0.021025,0.7569,0.181,0.864,-0.005,19.23,12.84,21.8,0.0,0.0,0.0,,,,0.0,,,,0.0,,
2024-09-22 06:30:00,0.053,-0.014,0.001,-0.027,-0.015,-0.004,0.032,-0.002,0.012,0.005,0.002,0.011,-0.003,-0.001,-0.001,0.048841,0.017424,0.004761,0.176,0.812,-0.011,19.53,13.4,25.11,0.0,0.0,0.0,,,,0.0,,,,0.0,,
2024-09-22 07:00:00,0.065,-0.006,0.003,-0.013,-0.031,0.003,0.061,-0.004,0.012,0.01,-0.01,0.018,-0.004,0.003,0.004,0.024025,0.056644,0.011881,-0.042,1.117,-0.004,20.07,14.59,25.53,0.0,0.0,0.0,,,,0.0,,,,0.0,,
2024-09-22 07:30:00,0.177,-0.024,0.001,0.0,-0.067,-0.004,0.095,-0.01,0.005,0.021,-0.027,0.027,0.003,0.007,0.017,0.021609,0.119716,0.114921,0.177,0.899,-0.01,21.23,15.77,26.1,0.0,0.0,0.0,,,,0.0,,,,0.0,,
2024-09-22 08:00:00,0.188,-0.03,-0.002,0.011,-0.09,0.0,0.166,-0.012,-0.013,0.018,-0.035,0.042,0.008,0.016,0.024,0.013689,0.203401,0.103684,0.004,1.405,-0.043,22.53,17.31,26.36,0.0,0.0,0.0,,,,0.0,,,,0.0,,
2024-09-22 08:30:00,0.135,-0.052,0.002,0.007,-0.026,0.025,0.151,-0.013,-0.014,0.016,-0.05,0.031,0.005,0.005,0.019,0.007056,0.080656,0.091204,-0.134,1.178,-0.019,23.21,17.66,26.62,0.0,0.0,0.0,,,,0.0,,,,0.0,,
2024-09-22 09:00:00,0.185,-0.019,0.001,0.008,-0.051,0.033,0.145,-0.016,-0.027,0.034,-0.056,0.045,0.023,0.024,0.046,0.047089,0.350464,0.195364,-0.249,1.416,-0.047,23.87,18.79,26.8,0.0,0.0,0.0,,,,0.0,,,,0.0,,
2024-09-22 09:30:00,0.143,-0.021,-0.002,-0.007,-0.02,0.01,0.148,-0.015,-0.006,0.027,-0.03,0.042,0.01,0.022,0.033,0.026896,0.229441,0.166464,-0.31,1.596,-0.063,24.81,19.62,26.92,0.0,0.0,0.0,,,,0.0,,,,0.0,,
2024-09-22 10:00:00,0.165,-0.015,-0.001,0.001,0.005,0.013,0.203,-0.016,-0.014,0.037,-0.06,0.051,0.011,0.018,0.04,0.017956,0.195364,0.179776,-0.379,1.791,-0.055,25.6,20.53,26.74,0.0,0.0,0.0,,,,0.0,,,,0.0,,
2024-09-22 10:30:00,0.219,-0.028,-0.005,0.009,-0.107,0.02,0.182,-0.022,-0.042,0.01,-0.107,0.053,0.036,0.037,0.078,0.081796,0.276676,0.466489,0.143,1.494,-0.018,26.54,21.45,26.98,0.0,0.0,0.0,,,,0.0,,,,0.0,,
2024-09-22 11:00:00,0.499,0.043,-0.014,-0.015,-0.115,-0.047,0.325,-0.045,-0.04,-0.04,-0.119,0.092,0.03,0.031,0.089,0.055696,0.119716,0.499849,0.821,2.011,-0.04,27.46,22.23,26.41,0.0,0.0,0.0,,,,0.0,,,,0.0,,
2024-09-22 11:30:00,0.278,-0.113,-0.007,0.012,-0.083,0.066,0.226,-0.011,-0.021,0.038,-0.114,0.059,0.01,0.015,0.053,0.013924,0.082944,0.407044,0.399,1.442,-0.024,27.56,22.15,26.5,0.0,0.0,0.0,,,,0.0,,,,0.0,,
2024-09-22 12:00:00,0.42,-0.039,-0.016,0.012,-0.189,0.049,0.419,-0.037,-0.066,-0.011,-0.148,0.094,0.042,0.046,0.097,0.110224,0.670761,0.6241,-0.084,2.201,-0.061,28.13,23.79,25.96,0.0,0.0,0.0,,,,0.0,,,,0.0,,
2024-09-22 12:30:00,0.357,-0.001,-0.019,-0.011,-0.127,0.001,0.273,-0.023,-0.04,-0.057,-0.136,0.073,0.029,0.033,0.098,0.0625,0.209764,0.736164,0.61,1.41,-0.025,28.72,23.78,26.03,0.0,0.0,0.0,,,,0.0,,,,0.0,,
2024-09-22 13:00:00,0.416,-0.088,-0.009,-0.008,-0.13,-0.051,0.504,-0.038,-0.029,-0.039,-0.149,0.07,0.011,0.02,0.073,0.026569,0.146689,0.586756,0.596,1.84,-0.041,28.69,23.61,26.04,0.0,0.0,0.0,,,,0.0,,,,0.0,,
2024-09-22 13:30:00,0.583,-0.118,-0.022,0.001,-0.124,0.073,0.381,-0.019,-0.008,0.0,-0.107,0.085,0.006,0.015,0.073,0.011236,0.190969,0.483025,0.248,2.075,-0.033,28.84,23.74,26.29,0.0,0.0,0.0,,,,0.0,,,,0.0,,
2024-09-22 14:00:00,0.212,-0.008,-0.009,-0.001,-0.022,-0.003,0.209,-0.022,0.035,0.039,-0.117,0.049,-0.014,-0.011,0.041,0.0289,0.046225,0.294849,0.334,1.439,-0.029,28.54,22.78,26.26,0.0,0.0,0.0,,,,0.0,,,,0.0,,
2024-09-22 14:30:00,0.079,0.004,-0.002,0.0,-0.021,-0.004,0.072,-0.007,0.012,0.012,-0.049,0.02,-0.005,-0.003,0.024,0.016129,0.038809,0.279841,0.296,1.076,-0.028,28.45,22.6,26.38,0.0,0.0,0.0,,,,0.0,,,,0.0,,
2024-09-22 15:00:00,0.031,0.008,-0.003,0.002,-0.006,-0.02,0.033,-0.005,0.009,0.007,-0.05,0.011,-0.003,0.0,0.013,0.014884,0.025281,0.385641,0.22,0.821,-0.027,28.27,22.28,26.93,0.0,0.0,0.0,,,,0.0,,,,0.0,,
2024-09-22 15:30:00,0.016,-0.008,0.001,-0.01,-0.02,0.064,0.015,-0.001,0.01,0.017,-0.079,0.002,-0.001,0.0,0.01,0.017956,0.052441,1.032256,0.167,0.31,-0.004,27.71,21.37,30.27,0.0,0.0,0.0,,,,0.0,,,,0.0,,
2024-09-22 16:00:00,0.02,-0.008,-0.001,-0.027,-0.032,0.063,0.018,-0.001,0.022,0.023,-0.068,0.002,-0.001,0.003,0.003,0.075076,0.110224,1.026169,0.172,0.438,-0.005,26.85,20.49,30.14,0.0,0.0,0.0,,,,0.0,,,,0.0,,
2024-09-22 16:30:00,0.02,-0.009,0.001,-0.015,-0.016,-0.016,0.017,-0.001,0.014,0.014,-0.012,0.002,0.0,0.001,-0.004,0.042849,0.053824,0.616225,0.355,0.42,-0.007,26.46,20.16,29.55,0.0,0.0,0.0,,,,0.0,,,,0.0,,
2024-09-22 17:00:00,0.021,-0.005,0.001,-0.01,-0.007,0.016,0.01,-0.001,0.003,0.004,0.002,0.002,-0.001,0.001,0.001,0.033856,0.039204,0.351649,0.196,0.115,-0.004,26.08,19.72,30.42,0.0,0.0,0.0,,,,0.0,,,,0.0,,
2024-09-22 17:30:00,0.004,0.002,0.0,-0.003,-0.002,0.007,0.008,0.0,0.003,0.002,0.012,0.001,0.001,0.001,0.0,0.027889,0.030276,0.127449,0.062,0.456,-0.008,25.49,19.07,29.35,0.0,0.0,0.0,,,,0.0,,,,0.0,,
2024-09-22 18:00:00,0.017,-0.004,0.0,0.0,0.003,-0.002,0.007,-0.001,0.001,0.0,0.002,0.001,0.0,0.001,0.0,0.014161,0.006241,0.013689,0.211,0.16,-0.008,24.5,18.0,29.5,0.0,0.0,0.0,,,,0.0,,,,0.0,,
2024-09-22 18:30:00,0.004,0.003,0.0,0.003,0.002,-0.001,0.012,0.0,0.007,0.006,0.005,0.001,0.001,0.001,0.0,0.018225,0.008649,0.012996,0.224,0.268,-0.003,24.14,17.69,29.12,0.0,0.0,0.0,,,,0.0,,,,0.0,,
2024-09-22 19:00:00,0.008,0.002,0.001,0.006,0.011,-0.008,0.009,0.001,0.003,0.006,0.001,0.002,0.0,0.003,-0.001,0.103041,0.105625,0.072361,0.3,0.664,0.007,24.45,17.94,28.62,0.0,0.0,0.0,,,,0.0,,,,0.0,,
2024-09-22 19:30:00,0.048,-0.004,0.001,0.01,0.013,-0.008,0.029,-0.001,-0.003,0.0,0.0,0.002,0.0,0.001,-0.001,0.061504,0.021316,0.027225,0.197,0.183,-0.001,23.94,17.47,28.34,0.0,0.0,0.0,,,,0.0,,,,0.0,,
2024-09-22 20:00:00,0.016,-0.001,0.0,0.008,0.003,0.001,0.019,-0.001,0.014,0.007,0.0,0.001,0.002,0.003,-0.001,0.073984,0.031329,0.013924,0.176,0.45,-0.006,23.64,17.19,28.84,0.0,0.0,0.0,,,,0.0,,,,0.0,,
2024-09-22 20:30:00,0.007,-0.003,0.0,-0.001,-0.001,0.0,0.013,0.0,0.01,0.007,0.001,0.001,0.0,0.001,0.0,0.036864,0.021609,0.013924,0.218,0.373,0.0,23.34,16.87,28.64,0.0,0.0,0.0,,,,0.0,,,,0.0,,
2024-09-22 21:00:00,0.016,0.003,0.0,0.005,0.009,0.016,0.016,0.0,0.018,0.01,0.004,0.002,0.001,0.003,0.0,0.159201,0.062001,0.075625,0.172,0.764,0.008,23.61,17.12,28.15,0.0,0.0,0.0,,,,0.0,,,,0.0,,
2024-09-22 21:30:00,0.017,0.005,0.0,0.023,0.016,0.006,0.014,0.0,0.038,0.027,0.003,0.002,-0.002,0.001,0.001,0.261121,0.142129,0.039601,0.327,0.71,0.007,23.56,17.2,27.89,0.0,0.0,0.0,,,,0.0,,,,0.0,,
2024-09-22 22:00:00,0.011,0.0,0.0,0.007,0.005,0.002,0.025,-0.001,0.03,0.021,0.017,0.002,0.0,0.0,-0.001,0.099856,0.038809,0.019321,0.242,0.398,0.003,22.59,16.18,27.81,0.0,0.0,0.0,,,,0.0,,,,0.0,,
2024-09-22 22:30:00,0.007,0.0,0.0,0.0,0.001,0.001,0.005,0.0,0.003,0.003,0.002,0.0,0.0,0.0,0.0,0.010404,0.007056,0.005476,0.13,0.098,0.002,22.51,16.07,28.01,0.0,0.0,0.0,,,,0.0,,,,0.0,,
2024-09-22 23:00:00,0.003,0.0,0.0,0.001,0.0,-0.001,0.005,0.0,-0.001,-0.001,-0.001,0.0,0.0,0.0,0.0,0.008649,0.002401,0.004761,0.161,0.256,0.003,22.64,16.14,27.94,0.0,0.0,0.0,,,,0.0,,,,0.0,,
2024-09-22 23:30:00,0.013,-0.007,0.0,0.008,0.006,0.002,0.024,-0.001,0.0,0.003,0.003,0.001,0.0,0.0,-0.001,0.030276,0.014161,0.013456,0.315,0.243,0.014,22.25,15.87,27.61,0.0,0.0,0.0,,,,0.0,,,,0.0,,
2024-09-23 00:00:00,0.011,0.007,0.0,0.006,0.005,0.002,0.011,0.0,0.005,0.003,0.002,0.001,0.001,0.001,0.0,0.0256,0.011881,0.007921,0.157,0.4,0.004,22.25,15.79,27.6,0.0,0.0,0.0,,,,0.0,,,,0.0,,
2024-09-23 00:30:00,0.021,-0.002,0.001,0.014,0.015,0.012,0.02,-0.001,0.018,0.01,0.007,0.003,-0.001,0.001,0.0,0.083521,0.038025,0.024964,0.453,0.484,0.021,22.05,15.7,27.34,0.0,0.0,0.0,,,,0.0,,,,0.0,,
2024-09-23 01:00:00,0.029,-0.01,0.0,-0.008,-0.005,-0.002,0.012,0.0,0.014,0.009,0.005,0.001,0.0,0.0,0.0,0.044521,0.017424,0.006241,0.276,0.284,0.0,21.67,15.28,27.11,0.0,0.0,0.0,,,,0.0,,,,0.0,,
2024-09-23 01:30:00,0.037,-0.001,-0.002,-0.027,-0.009,-0.001,0.023,-0.001,0.034,0.018,0.007,0.004,0.0,0.001,0.0,0.169744,0.050176,0.015376,0.153,0.659,0.007,21.78,15.26,26.75,0.0,0.0,0.0,,,,0.0,,,,0.0,,
2024-09-23 02:00:00,0.042,-0.003,-0.003,-0.002,0.001,-0.001,0.039,-0.002,0.022,0.012,-0.003,0.008,-0.004,-0.002,0.0,0.068644,0.018769,0.004761,0.407,0.524,-0.015,21.74,15.37,26.59,0.0,0.0,0.0,,,,0.0,,,,0.0,,
2024-09-23 02:30:00,0.051,-0.003,-0.004,0.001,0.006,-0.001,0.033,0.0,0.006,0.004,0.0,0.011,-0.005,-0.003,-0.001,0.038025,0.015876,0.002209,0.248,0.8,-0.025,21.97,15.64,26.66,0.0,0.0,0.0,,,,0.0,,,,0.0,,
2024-09-23 03:00:00,0.034,0.002,-0.003,0.0,0.002,-0.002,0.045,-0.001,0.017,0.012,-0.002,0.011,-0.003,-0.001,0.0,0.026896,0.010609,0.001296,0.238,0.669,-0.021,21.89,15.56,26.7,0.0,0.0,0.0,,,,0.0,,,,0.0,,
2024-09-23 03:30:00,0.071,-0.003,-0.005,0.0,0.005,-0.003,0.072,-0.003,0.025,0.019,-0.003,0.016,-0.005,-0.002,0.0,0.050176,0.022801,0.0016,0.138,0.893,-0.003,22.03,15.71,26.65,0.0,0.0,0.0,,,,0.0,,,,0.0,,
2024-09-23 04:00:00,0.081,-0.012,-0.006,0.008,0.008,-0.003,0.066,-0.002,0.002,0.002,0.001,0.023,-0.007,-0.003,0.001,0.029584,0.011881,0.000961,0.509,0.751,-0.021,22.13,15.84,26.65,0.0,0.0,0.0,,,,0.0,,,,0.0,,
2024-09-23 04:30:00,0.066,0.005,-0.009,0.009,0.008,-0.003,0.049,-0.001,0.003,0.002,0.001,0.018,-0.006,-0.003,0.001,0.018769,0.007056,0.001024,0.483,0.606,-0.011,22.13,15.85,26.68,0.0,0.0,0.0,,,,0.0,,,,0.0,,
2024-09-23 05:00:00,0.071,-0.001,-0.007,0.009,0.008,-0.002,0.06,-0.002,0.006,0.007,-0.001,0.023,-0.005,-0.003,0.001,0.022801,0.011236,0.001089,0.486,0.85,-0.033,22.25,15.97,26.6,0.0,0.0,0.0,,,,0.0,,,,0.0,,
2024-09-23 05:30:00,0.095,-0.003,-0.007,0.005,0.005,-0.001,0.073,-0.007,0.013,0.009,-0.002,0.024,-0.007,-0.004,0.0,0.033856,0.014641,0.001089,0.371,1.257,-0.021,22.17,15.88,26.56,0.0,0.0,0.0,,,,0.0,,,,0.0,,
2024-09-23 06:00:00,0.176,0.016,-0.01,0.013,0.014,-0.005,0.161,-0.018,0.029,0.027,-0.009,0.039,-0.008,-0.004,0.003,0.028561,0.015376,0.003721,0.656,1.421,-0.008,22.18,15.93,26.5,0.0,0.0,0.0,,,,0.0,,,,0.0,,
2024-09-23 06:30:00,0.197,0.014,-0.012,0.007,0.004,0.037,0.143,-0.016,0.003,0.002,0.016,0.044,-0.003,-0.001,0.004,0.0081,0.003481,0.398161,1.029,1.252,-0.025,22.39,16.15,25.53,0.0,0.0,0.0,,,,0.0,,,,0.0,,
2024-09-23 07:00:00,0.278,0.045,-0.032,0.012,0.008,-0.012,0.287,-0.024,0.006,0.007,-0.01,0.067,-0.004,-0.001,0.01,0.007744,0.005041,0.0144,1.2,1.284,-0.03,22.68,16.45,24.43,0.0,0.0,0.0,,,,0.0,,,,0.0,,
2024-09-23 07:30:00,0.374,-0.027,-0.02,0.008,-0.001,-0.02,0.455,-0.03,-0.003,-0.003,0.005,0.097,-0.003,0.003,0.012,0.004225,0.003721,0.015625,1.655,0.69,-0.014,23.05,16.84,24.82,0.0,0.0,0.0,,,,0.0,,,,0.0,,
2024-09-23 08:00:00,0.436,0.006,-0.026,-0.001,-0.018,-0.024,0.582,-0.035,-0.007,-0.011,-0.014,0.109,0.007,0.012,0.024,0.005625,0.009409,0.038025,1.63,0.242,0.029,23.59,17.45,25.33,0.0,0.0,0.0,,,,0.0,,,,0.0,,
2024-09-23 08:30:00,0.777,-0.146,-0.03,-0.017,-0.033,0.011,0.813,-0.023,0.005,0.006,-0.18,0.161,0.011,0.014,0.047,0.007744,0.011881,0.380689,2.276,-0.271,0.014,23.92,17.82,25.83,0.0,0.0,0.0,,,,0.0,,,,0.0,,
2024-09-23 09:00:00,0.827,-0.049,-0.068,-0.025,-0.024,-0.065,0.972,0.029,0.012,0.011,0.016,0.205,0.012,0.012,0.035,0.008281,0.009801,0.050625,3.071,-1.219,0.034,23.96,17.91,25.69,0.0,0.0,0.0,,,,0.0,,,,0.0,,
2024-09-23 09:30:00,0.777,-0.109,-0.071,-0.045,-0.065,-0.107,1.52,0.005,-0.036,0.01,-0.02,0.193,0.03,0.027,0.054,0.0441,0.059536,0.132496,2.885,-0.803,0.043,24.42,18.6,25.71,0.0,0.0,0.0,,,,0.0,,,,0.0,,
2024-09-23 10:00:00,0.806,0.005,-0.061,-0.05,-0.072,-0.14,0.934,0.025,0.022,0.024,0.08,0.149,0.019,0.019,0.056,0.042849,0.064009,0.160801,2.466,-1.914,0.102,24.6,18.78,25.3,0.0,0.0,0.0,,,,0.0,,,,0.0,,
2024-09-23 10:30:00,0.855,0.012,-0.075,-0.096,-0.104,-0.156,1.409,0.016,0.006,0.065,0.033,0.157,0.047,0.042,0.083,0.1156,0.138384,0.305809,2.529,-1.662,0.086,25.17,19.64,25.09,0.0,0.0,0.0,,,,0.0,,,,0.0,,
