Time(UTC),batt_v_1,t_log_1,rh_1,rh_2,rh_3,rh_4,rh_5,t_1,t_2,t_3,t_4,t_5,wspd_1,wdir_1,wspd_2,wdir_2,wspd_3,wdir_3,wspd_4,wdir_4,wspd_5,wdir_5
2024-09-17 14:30:00,13.1913,24.9923,62.4167,62.6883,62.944,63.3407,64.293,19.5643,19.6773,19.799,19.767,19.8593,3.0548,48.7489,2.7464,42.3438,2.5608,47.0029,2.4352,51.2769,2.055,49.5834
2024-09-17 15:00:00,13.2167,25.1963,61.8543,62.121,62.3757,62.783,63.6743,19.6813,19.7883,19.8967,19.862,19.9207,3.1062,48.625,2.8048,42.5231,2.5863,48.1296,2.4585,53.4599,2.1042,53.1852
2024-09-17 15:30:00,13.2167,25.062,61.36,61.5927,61.8277,62.255,63.2563,19.8367,19.9127,20.0107,19.9383,19.9347,3.3248,48.6846,3.0053,43.7642,2.8058,50.2797,2.6493,52.122,2.256,51.5548
2024-09-17 16:00:00,13.2117,24.47,61.0907,61.2923,61.4537,61.7987,62.6267,19.8723,19.9407,20.0213,19.9503,19.9093,2.6839,29.8956,2.3733,20.6007,2.161,27.9676,2.0754,29.7479,1.7326,28.221
2024-09-17 16:30:00,13.2347,23.5877,59.766,60.0683,60.4297,60.9057,62.1223,19.8053,19.8583,19.8823,19.7623,19.6123,3.3751,44.799,2.9245,37.1396,2.568,40.519,2.45,44.1433,2.0493,42.8327
2024-09-17 17:00:00,13.2627,21.98,61.131,61.6133,62.1343,62.7823,64.292,19.4083,19.417,19.3897,19.209,18.9523,2.372,44.1414,2.1453,39.4512,1.9872,45.5119,1.8498,49.8748,1.5166,48.2336
2024-09-17 17:30:00,12.348,20.222,66.8327,67.332,67.6933,68.1757,69.4427,18.8447,18.835,18.808,18.6347,18.388,1.8269,22.2879,1.4972,13.2805,1.3267,16.8061,1.2821,22.5353,1.0477,22.3041
2024-09-17 18:00:00,11.9177,18.6317,72.2673,72.7047,73.0327,73.4927,74.68,18.033,18.031,18.0113,17.8437,17.5927,1.7431,23.2179,1.531,18.4194,1.3646,21.9031,1.3291,25.8829,1.1281,22.7981
2024-09-17 18:30:00,11.86,17.2633,73.9197,74.2937,74.6157,75.048,76.173,17.448,17.458,17.4307,17.285,17.0453,1.7048,25.4419,1.5001,15.4273,1.3589,19.4339,1.3278,21.3279,1.1187,20.9332
2024-09-17 19:00:00,11.869,16.1447,75.756,76.212,76.608,77.0057,78.2453,16.969,16.9693,16.934,16.7877,16.5337,1.8759,18.4829,1.5939,8.1223,1.4552,7.3984,1.4338,12.0301,1.1692,9.2194
2024-09-17 19:30:00,11.851,15.3513,77.6037,78.017,78.2947,78.62,79.6583,16.5147,16.517,16.529,16.3643,16.1717,2.0401,13.6877,1.6285,3.4436,1.4454,4.6171,1.421,10.3764,1.1812,11.9801
2024-09-17 20:00:00,11.8537,14.805,78.6777,79.0987,79.4593,79.8493,80.927,16.2367,16.254,16.2587,16.072,15.8693,2.3418,33.1921,2.0369,22.6285,1.85,24.7447,1.7786,29.873,1.4717,27.5829
2024-09-17 20:30:00,11.842,14.4227,81.32,81.7133,82.03,82.3567,83.47,15.8003,15.8163,15.806,15.6343,15.412,1.3944,28.0062,1.262,15.5161,1.2252,16.7563,1.2054,19.6004,1.0366,16.9926
2024-09-17 21:00:00,11.8297,13.9927,83.24,83.6567,84.0467,84.38,85.4867,15.4363,15.439,15.419,15.2493,15.009,1.3966,28.4066,1.2233,21.1608,1.088,25.66,1.0669,25.7326,0.9332,26.634
2024-09-17 21:30:00,11.82,13.6243,84.52,85.0133,85.4933,85.88,87.0067,15.2367,15.242,15.189,15.0243,14.7843,1.485,30.0897,1.3056,19.428,1.1893,23.5714,1.1612,24.6667,0.9889,21.0885
2024-09-17 22:00:00,11.81,13.4163,85.5467,85.95,86.31,86.69,87.6933,15.193,15.2057,15.175,15.0157,14.7923,1.6919,43.25,1.5146,35.0651,1.3886,42.3754,1.3117,44.9664,1.1224,42.3953
2024-09-17 22:30:00,11.7933,13.2593,87.4033,87.9533,88.38,88.7667,89.6533,14.893,14.886,14.835,14.6607,14.4413,1.1107,45.5972,0.9445,32.9123,0.8661,39.0359,0.8295,40.6315,0.7801,38.4954
2024-09-17 23:00:00,11.8283,12.953,88.7233,89.2667,89.8267,90.3167,91.45,14.6043,14.5883,14.505,14.2943,13.9913,0.9221,44.8651,0.8025,45.6576,0.7535,50.7144,0.728,53.3891,0.7015,52.5995
2024-09-17 23:30:00,11.869,12.58,90.5667,91.1833,91.6233,91.98,92.9467,14.247,14.224,14.1673,13.9763,13.7113,0.9946,11.5237,0.8315,357.6894,0.735,2.6122,0.7254,2.9089,0.6923,0.0115
2024-09-18 00:00:00,11.8567,12.296,91.2533,91.7633,92.21,92.5333,93.4467,14.1677,14.1727,14.1247,13.9647,13.7257,1.4994,16.9242,1.1973,4.0891,1.0373,9.5594,1.0222,12.6408,0.8931,10.4198
2024-09-18 00:30:00,11.842,12.2553,91.3833,91.7833,92.0867,92.3267,93.18,14.2473,14.2733,14.2423,14.0937,13.872,1.1625,30.8373,1.0349,20.2659,0.9295,25.3556,0.9055,25.5376,0.818,23.3892
2024-09-18 01:00:00,11.8353,12.21,92.59,93.12,93.45,93.7,94.4433,14.082,14.0823,14.0503,13.8943,13.6733,1.1756,23.4065,0.9815,19.582,0.8929,23.7231,0.8689,21.8294,0.8014,22.5355
2024-09-18 01:30:00,11.8263,12.1923,93.16,93.5567,93.8267,93.9733,94.6867,13.985,14.0187,13.9893,13.8537,13.6243,1.1257,24.5017,0.943,15.5198,0.8315,20.1418,0.8347,21.3141,0.7681,19.7624
2024-09-18 02:00:00,11.8163,12.1293,93.25,93.7867,94.17,94.4033,95.1467,13.9107,13.9157,13.8743,13.7203,13.4917,1.1516,21.3909,0.9767,9.9138,0.8506,17.091,0.848,14.0722,0.7722,9.9168
2024-09-18 02:30:00,11.807,12.0647,93.6,94.0333,94.2833,94.4667,95.2167,13.8007,13.8203,13.809,13.6593,13.4417,1.2625,19.066,1.0728,13.8022,0.9613,19.7109,0.9746,20.401,0.8476,18.3964
2024-09-18 03:00:00,11.7953,12.02,94.0633,94.4567,94.6633,94.7733,95.4033,13.7437,13.7827,13.7583,13.6357,13.4423,1.169,17.1511,0.9719,11.1077,0.8844,14.918,0.902,14.3773,0.8169,15.691
2024-09-18 03:30:00,11.7873,12.0027,94.6933,95.0933,95.34,95.4333,96.02,13.653,13.682,13.675,13.535,13.3407,1.2803,19.4366,1.0754,10.1164,0.9713,14.1995,0.9619,13.5814,0.875,10.738
2024-09-18 04:00:00,11.7833,12.0747,94.1667,94.4433,94.6533,94.8033,95.4367,13.7703,13.8223,13.842,13.692,13.5413,2.1277,32.3729,1.8315,20.8475,1.6627,26.112,1.6401,24.4585,1.3663,21.7601
2024-09-18 04:30:00,11.7737,12.293,93.9767,94.24,94.38,94.49,95.0333,13.792,13.856,13.8663,13.748,13.615,2.1268,32.3724,1.9149,23.8489,1.7035,24.1809,1.6754,25.5357,1.4116,25.0767
2024-09-18 05:00:00,11.764,12.3883,94.1433,94.4467,94.62,94.7467,95.31,13.6803,13.732,13.7427,13.618,13.448,1.5915,38.3254,1.4088,26.7468,1.3067,35.0501,1.2818,35.3317,1.0902,34.6177
2024-09-18 05:30:00,11.7563,12.472,94.87,95.1067,95.2433,95.3633,95.8967,13.566,13.62,13.6773,13.5357,13.423,1.6765,38.3604,1.5001,32.2238,1.3552,35.9814,1.3313,37.3849,1.1438,33.1547
2024-09-18 06:00:00,11.7677,12.8007,95.8233,96.0433,96.1533,96.2533,96.65,13.5313,13.6143,13.684,13.5863,13.546,1.6288,54.3637,1.4892,49.1289,1.377,53.5785,1.2851,55.378,1.0717,53.5557
2024-09-18 06:30:00,11.8157,13.1823,96.4567,96.63,96.6767,96.72,97.0367,13.3703,13.4793,13.551,13.463,13.4447,2.5062,48.3697,2.2296,40.7282,2.0055,46.0941,1.8934,48.9034,1.6039,48.1144
2024-09-18 07:00:00,11.93,13.5023,96.8267,96.96,97.01,97.02,97.32,13.3923,13.51,13.589,13.511,13.5273,2.6957,56.69,2.3851,48.7192,2.2004,53.2023,2.0615,56.9665,1.7185,54.9446
2024-09-18 07:30:00,12.185,13.8657,96.24,96.2967,96.32,96.3633,96.6833,13.6303,13.7657,13.8633,13.8033,13.837,2.2688,48.5249,1.9959,40.3786,1.8106,43.2378,1.6834,48.742,1.3888,47.3238
2024-09-18 08:00:00,12.5607,14.393,94.8833,94.8567,94.8967,94.93,95.2833,13.9987,14.1383,14.2427,14.2117,14.3027,2.0589,50.2866,1.8402,42.5483,1.7283,46.9124,1.6575,50.729,1.3535,49.8027
2024-09-18 08:30:00,12.7817,15.0287,93.0533,93.03,93.06,93.1133,93.4533,14.386,14.5343,14.6517,14.616,14.7143,2.3254,40.1209,2.0726,30.8588,1.8184,37.0439,1.725,38.7554,1.3994,35.847
2024-09-18 09:00:00,13.2733,15.948,90.2433,90.15,90.1633,90.2333,90.39,14.9807,15.1467,15.2767,15.265,15.4307,2.3043,43.2285,2.0859,34.6866,1.8674,40.7854,1.793,45.4035,1.4813,41.9648
2024-09-18 09:30:00,13.6187,17.767,87.0133,86.75,86.6633,86.6567,86.52,15.743,15.943,16.1447,16.1727,16.469,2.766,41.2813,2.4117,32.6803,2.153,36.1414,2.056,40.3498,1.7686,37.5876
2024-09-18 10:00:00,13.6063,20.0973,83.784,83.6527,83.75,83.89,83.67,16.7057,16.9137,17.1193,17.189,17.5023,1.6342,47.1561,1.5011,40.7612,1.419,44.7401,1.3748,48.0354,1.2755,44.7802
2024-09-18 10:30:00,13.5983,22.1597,79.3317,79.215,79.2613,79.434,79.475,17.691,17.9023,18.1153,18.189,18.5633,2.2176,52.2506,2.0038,44.2324,1.8768,48.1745,1.7975,52.6154,1.5839,50.9118
2024-09-18 11:00:00,13.5903,23.1927,74.434,74.5117,74.7293,74.9923,75.3497,18.7383,18.9257,19.1203,19.1437,19.4637,2.342,61.941,2.1264,54.2967,1.9574,57.379,1.8404,61.0669,1.6068,59.2013
2024-09-18 11:30:00,13.3867,24.336,71.4567,71.469,71.6553,71.9483,72.3917,19.3193,19.5123,19.701,19.7573,20.0957,2.7547,49.6061,2.4021,44.5333,2.2039,47.4381,2.0833,52.3926,1.7762,50.293
2024-09-18 12:00:00,13.1837,25.9137,67.6053,67.7067,68.0387,68.4043,68.906,20.0203,20.2007,20.3337,20.3983,20.6723,2.8653,51.1272,2.5713,38.7327,2.3679,45.1763,2.2771,49.1371,1.9509,46.4184
2024-09-18 12:30:00,13.1777,27.269,68.2537,68.281,68.706,68.913,69.745,20.7483,20.9203,21.0397,21.1443,21.3843,2.242,51.2186,2.0571,45.121,1.928,50.0327,1.8302,53.4432,1.5565,52.3525
2024-09-18 13:00:00,13.1777,28.3523,65.468,65.6377,65.928,66.412,67.5297,21.2123,21.364,21.49,21.527,21.6577,2.7261,54.5693,2.4437,46.3609,2.2873,50.8781,2.1806,54.6405,1.8319,53.5275
2024-09-18 13:30:00,13.174,28.791,67.16,67.34,67.5893,67.9757,68.9513,21.3177,21.4617,21.6157,21.6313,21.7413,2.6682,42.3662,2.376,36.5863,2.2163,38.9547,2.1212,43.7242,1.7888,41.2811
2024-09-18 14:00:00,13.1787,28.971,62.493,62.7237,63.0943,63.671,65.0643,21.7243,21.8293,21.9377,21.9153,21.9467,3.2534,52.7264,2.9409,47.0712,2.7198,51.3875,2.5589,54.9662,2.1621,52.2547
2024-09-18 14:30:00,13.177,28.62,61.636,61.8757,62.1847,62.764,64.1307,22.0083,22.0913,22.195,22.1393,22.162,2.8483,56.9257,2.6072,50.3484,2.4389,54.0239,2.3082,58.493,1.9567,59.3962
2024-09-18 15:00:00,13.0193,28.141,63.8797,64.182,64.4157,64.8753,65.8537,21.741,21.8213,21.9137,21.849,21.8327,3.1099,48.3314,2.7301,39.7676,2.514,43.7866,2.3831,47.7276,1.9968,45.9787
2024-09-18 15:30:00,13.0537,27.3053,65.962,66.1773,66.3983,66.8243,67.856,21.6193,21.7003,21.7657,21.6927,21.6353,2.8281,46.7438,2.5156,36.5361,2.3102,39.7532,2.1697,45.416,1.8346,44.2099
2024-09-18 16:00:00,13.071,26.323,67.5007,67.7547,68.064,68.4973,69.484,21.4253,21.488,21.527,21.4417,21.3413,3.2336,43.3404,2.7889,35.9153,2.4811,39.0385,2.3154,41.3009,1.9167,41.4925
2024-09-18 16:30:00,13.09,25.103,69.057,69.3203,69.5863,70.012,71.204,21.1957,21.2397,21.269,21.1647,20.9747,2.9136,42.4083,2.5558,34.3256,2.337,37.7717,2.2253,41.3574,1.8537,40.9985
2024-09-18 17:00:00,13.0813,23.6227,70.8387,71.268,71.6487,72.069,73.2373,20.8853,20.895,20.8883,20.7623,20.5427,1.8807,33.9316,1.6486,28.5708,1.5094,33.032,1.4295,36.0934,1.1557,35.3265
2024-09-18 17:30:00,12.2453,21.9397,73.2347,73.714,74.1897,74.6977,76.0683,20.33,20.3193,20.279,20.1127,19.7987,1.916,41.4782,1.6828,31.1676,1.5105,35.1014,1.4005,39.7448,1.1486,39.342
2024-09-18 18:00:00,12.1223,20.0013,76.348,76.9753,77.5523,78.1,79.5117,19.6743,19.6357,19.5637,19.3533,19.0143,1.4182,29.4359,1.1451,16.9392,0.9898,15.3537,0.9513,20.5137,0.8082,21.8408
2024-09-18 18:30:00,12.0857,18.3247,78.3393,78.9153,79.4767,80.0263,81.5433,19.1563,19.117,19.047,18.832,18.47,1.6965,26.0594,1.4478,12.4064,1.3008,14.6321,1.2533,19.9514,1.0201,19.9176
2024-09-18 19:00:00,12.0623,17.2497,79.897,80.402,80.8253,81.3033,82.59,18.9073,18.8857,18.8477,18.648,18.352,2.1891,41.1739,1.9365,30.547,1.7335,32.9581,1.6436,36.2965,1.3411,35.0606
2024-09-18 19:30:00,12.0537,16.6787,81.12,81.6067,82.0367,82.4267,83.52,18.67,18.65,18.6057,18.4327,18.1767,2.3609,40.8237,2.034,30.5943,1.8269,35.452,1.7403,38.2431,1.4362,37.7939
2024-09-18 20:00:00,12.112,16.3383,81.36,81.7867,82.2033,82.5833,83.7333,18.5967,18.587,18.545,18.365,18.1023,2.2544,44.2438,1.992,35.7027,1.7984,35.7672,1.6961,39.9944,1.4049,40.058
2024-09-18 20:30:00,12.1047,16.0813,84.9733,85.4033,85.7833,86.14,87.1167,18.0723,18.0733,18.0477,17.8777,17.6387,2.279,40.0885,1.8979,30.4439,1.6856,31.697,1.6028,34.5188,1.2997,33.5933
2024-09-18 21:00:00,12.085,15.864,86.13,86.5433,87.0433,87.4667,88.66,17.91,17.8997,17.8447,17.659,17.382,2.2978,62.0636,1.9988,54.7691,1.8478,58.5289,1.725,63.0018,1.4073,61.6703
2024-09-18 21:30:00,12.0703,15.7673,85.2033,85.6633,86.09,86.5833,87.85,18.0707,18.0617,18.0103,17.8277,17.5337,2.5232,61.3092,2.1847,52.6432,2.0083,56.5107,1.8524,61.4023,1.5338,61.0441
2024-09-18 22:00:00,12.0577,15.6393,86.25,86.7267,87.2433,87.7633,89.0233,17.785,17.7717,17.6993,17.4993,17.1727,1.7762,69.181,1.499,61.6502,1.3637,65.6535,1.2485,68.9629,1.0294,67.4249
2024-09-18 22:30:00,12.0437,15.4417,85.8133,86.2533,86.79,87.36,88.7767,17.7053,17.6927,17.6333,17.431,17.0977,2.0316,64.6707,1.8515,55.3548,1.7161,59.254,1.5859,64.6676,1.2908,62.418
2024-09-18 23:00:00,12.032,15.311,86.21,86.72,87.25,87.8067,89.17,17.5623,17.5417,17.4763,17.2723,16.9433,2.1712,57.8937,1.9543,50.7028,1.8036,53.7403,1.6704,56.4359,1.3396,53.3803
2024-09-18 23:30:00,12.015,15.1683,87.43,88.1967,88.7933,89.3867,90.7067,17.2577,17.2017,17.1143,16.8967,16.5393,1.5371,53.8821,1.3121,47.4409,1.1849,49.9376,1.1061,52.1901,0.9408,52.0855
2024-09-19 00:00:00,11.9983,14.816,88.5033,89.18,89.8333,90.3933,91.7433,16.9703,16.916,16.8143,16.578,16.1967,1.3361,54.2648,1.1281,45.5611,0.9835,48.348,0.9044,50.1445,0.7759,49.1364
2024-09-19 00:30:00,11.989,14.4323,90.3333,91.07,91.71,92.2267,93.4667,16.5457,16.4787,16.3913,16.1427,15.7707,1.1115,27.743,0.9201,14.6262,0.8073,20.1517,0.7988,21.0138,0.7328,18.0381
2024-09-19 01:00:00,11.971,14.1197,91.5667,92.08,92.5,92.8333,93.8267,16.176,16.1593,16.123,15.9097,15.6223,1.2901,38.1052,1.0919,27.5757,0.9469,32.8,0.8964,36.2312,0.7955,33.0902
2024-09-19 01:30:00,11.953,13.8377,93.7067,94.2533,94.63,94.8633,95.5567,15.7083,15.6753,15.6317,15.438,15.1843,1.078,27.4663,0.8783,16.2794,0.7892,24.292,0.7742,28.1536,0.7276,27.216
2024-09-19 02:00:00,11.9323,13.526,94.9367,95.57,95.9633,96.2467,96.96,15.41,15.3637,15.299,15.087,14.7817,1.2222,40.4859,0.9942,28.2973,0.8781,32.9742,0.8321,32.473,0.7459,32.599
2024-09-19 02:30:00,11.9123,13.343,95.0667,95.51,95.8467,96.1167,96.8867,15.3637,15.3467,15.302,15.1133,14.8443,1.7542,51.0121,1.4957,42.9018,1.3683,50.0729,1.2851,52.6012,1.0253,50.6173
2024-09-19 03:00:00,11.8927,13.396,95.1167,95.4733,95.7,95.8867,96.5233,15.2983,15.3137,15.2853,15.1313,14.904,1.7914,44.3043,1.5549,39.6108,1.404,42.7125,1.3391,44.1976,1.0747,43.1453
2024-09-19 03:30:00,11.8753,13.4227,95.1067,95.51,95.7867,95.99,96.6433,15.2503,15.2587,15.247,15.0823,14.8697,2.1371,41.0972,1.7795,33.8203,1.6146,39.1294,1.5281,42.5374,1.2226,41.812
2024-09-19 04:00:00,11.8563,13.4743,95.5267,95.88,96.0867,96.2667,96.8267,15.1303,15.1507,15.1407,14.9763,14.7673,1.8877,43.5904,1.6967,33.5377,1.5308,38.3086,1.436,39.929,1.1577,39.3638
2024-09-19 04:30:00,11.8367,13.5237,96.4433,96.7467,96.9267,97.0567,97.5,14.9687,14.9947,15.021,14.854,14.712,2.2118,42.6034,1.9826,34.9144,1.769,38.563,1.6584,41.3861,1.3511,40.9496
2024-09-19 05:00:00,11.8223,13.602,97.07,97.3767,97.5033,97.5933,98.0033,14.902,14.942,14.9467,14.7987,14.6703,1.8365,38.3868,1.5667,27.9541,1.4245,34.8833,1.3611,37.1352,1.1146,35.6693
2024-09-19 05:30:00,11.8117,13.625,97.0833,97.4033,97.58,97.6833,98.05,14.8687,14.8993,14.867,14.7353,14.5333,1.5373,40.5812,1.3284,32.611,1.1719,36.4339,1.1098,36.7591,0.938,34.6953
2024-09-19 06:00:00,11.829,13.5467,97.6333,97.9267,98.0433,98.1033,98.47,14.7937,14.8293,14.8253,14.7253,14.558,1.6346,27.034,1.3951,18.3647,1.2483,23.552,1.2315,25.7513,1.0249,24.5806
2024-09-19 06:30:00,11.9,13.7157,97.97,98.1767,98.25,98.29,98.6033,14.8223,14.888,14.9197,14.8107,14.739,1.6222,33.9229,1.4112,26.4686,1.2805,30.991,1.2474,32.947,1.0196,31.2359
2024-09-19 07:00:00,12.073,14.188,97.45,97.5867,97.68,97.7,98.03,14.9097,15.0047,15.0783,15.0147,14.9977,2.0752,44.0713,1.7947,35.9094,1.617,41.1531,1.5088,43.3265,1.2161,41.9437
2024-09-19 07:30:00,12.3013,14.7457,97.7567,97.8533,97.8333,97.83,98.0367,14.822,14.9393,15.0353,14.9713,15.0063,1.9082,42.3408,1.6399,34.4308,1.4887,34.6607,1.4436,37.0365,1.174,37.3161
2024-09-19 08:00:00,12.4923,15.293,97.54,97.5667,97.5167,97.4867,97.6433,14.742,14.875,14.9813,14.9297,15.0007,2.6218,43.8462,2.3574,37.7981,2.1371,40.7879,2.0482,43.1234,1.715,40.8925
2024-09-19 08:30:00,12.6343,15.694,96.4833,96.4533,96.4767,96.4833,96.7533,14.9907,15.1227,15.2313,15.1967,15.2823,2.1442,45.9166,1.9336,36.4172,1.7908,39.7074,1.6926,44.7922,1.3764,42.7944
2024-09-19 09:00:00,12.756,16.2177,94.55,94.4933,94.5333,94.5367,94.8167,15.442,15.5747,15.69,15.6533,15.768,2.3773,51.0248,2.105,42.6132,1.9019,46.4448,1.793,49.836,1.4713,46.7593
2024-09-19 09:30:00,13.4987,17.1053,90.6,90.4333,90.51,90.6333,90.89,16.357,16.525,16.6713,16.673,16.8683,2.1808,39.4723,1.9924,33.5366,1.8422,37.4006,1.7546,40.88,1.5038,39.3528
2024-09-19 10:00:00,13.587,19.3987,83.4167,83.2567,83.4067,83.62,83.72,17.906,18.1037,18.276,18.312,18.615,2.3023,42.4104,2.0421,34.576,1.8992,38.9922,1.8198,42.0429,1.6359,40.0227
2024-09-19 10:30:00,13.5663,21.818,80.1453,80.0793,80.176,80.413,80.6783,18.8417,19.029,19.253,19.3027,19.6123,2.4981,50.3642,2.2601,44.9925,2.0637,49.0895,1.9528,52.7075,1.7372,48.9972
2024-09-19 11:00:00,13.565,23.381,79.8673,79.7063,79.709,79.7697,79.5857,19.2797,19.4813,19.6973,19.7543,20.1427,2.1142,21.2669,1.8884,12.578,1.7638,15.9051,1.7231,18.0187,1.4964,16.8125
2024-09-19 11:30:00,13.241,24.916,76.1223,76.146,76.2783,76.45,76.4243,19.9597,20.144,20.3203,20.406,20.7573,2.5116,44.9737,2.2342,36.0253,2.0452,38.6614,1.9465,43.2941,1.6775,41.0492
2024-09-19 12:00:00,13.0123,26.632,71.8147,71.807,72.142,72.385,72.801,20.6857,20.8763,21.006,21.0857,21.4007,2.6471,44.1835,2.3766,35.1172,2.2006,41.3951,2.0933,46.0785,1.7716,44.9223
2024-09-19 12:30:00,13.0507,28.065,67.908,67.8973,68.32,68.5483,69.4283,21.3543,21.525,21.648,21.7183,21.9363,2.609,45.1184,2.2732,36.1431,2.0976,40.9898,1.9648,47.1829,1.6423,45.4021
2024-09-19 13:00:00,13.052,29.0717,67.7507,67.8223,68.094,68.4297,69.4527,21.6663,21.795,21.9443,21.965,22.117,2.9862,42.5561,2.6915,35.4053,2.4824,41.0448,2.3442,44.3701,1.9859,42.2231
2024-09-19 13:30:00,13.0573,29.5087,65.9623,66.113,66.4553,66.9357,68.1977,22.0227,22.1433,22.279,22.2803,22.379,2.9243,49.1813,2.6203,41.9494,2.428,44.8144,2.2986,48.4919,1.9276,47.2675
2024-09-19 14:00:00,13.0247,29.7157,65.0313,65.2113,65.4877,65.8367,66.8967,22.3293,22.4423,22.5847,22.605,22.6677,2.2668,41.3518,2.0469,35.9859,1.8955,39.9883,1.8008,42.3638,1.5149,39.7334
2024-09-19 14:30:00,13.0217,29.746,64.887,65.1297,65.3227,65.7197,66.6873,22.2747,22.3637,22.487,22.4643,22.522,2.2882,40.6096,2.1251,33.5736,1.9617,35.6305,1.8884,36.5607,1.5961,36.4551
2024-09-19 15:00:00,13.054,29.152,66.4213,66.7023,67.0183,67.4727,68.5593,21.8733,21.966,22.055,22.0017,21.9957,2.7862,45.544,2.4877,39.453,2.2614,42.9419,2.1362,45.7736,1.7692,45.9104
2024-09-19 15:30:00,13.0677,28.015,67.9163,68.1437,68.4733,68.987,70.3397,21.6613,21.7233,21.8017,21.7273,21.6493,2.6268,49.5428,2.376,41.0896,2.183,46.5836,2.06,51.5368,1.7082,49.2079
2024-09-19 16:00:00,13.0897,26.6257,70.311,70.5543,70.8157,71.2523,72.3683,21.202,21.257,21.2813,21.2037,21.081,2.693,46.4651,2.3912,39.6525,2.1924,44.2451,2.053,47.0091,1.6906,46.7052
2024-09-19 16:30:00,13.1763,24.99,72.4103,72.7263,73.0387,73.465,74.621,20.58,20.6233,20.648,20.549,20.3733,2.7285,43.4499,2.3592,33.5154,2.1338,37.8872,2.0271,41.3647,1.6669,40.5293
2024-09-19 17:00:00,13.0397,23.1847,74.0223,74.3527,74.6917,75.1537,76.3657,19.8627,19.902,19.9137,19.756,19.5467,2.3611,41.2321,2.0452,34.2584,1.8518,38.0697,1.7544,42.9486,1.4243,40.2587
2024-09-19 17:30:00,12.3223,21.239,75.3513,75.7383,76.1577,76.6467,77.9537,19.3377,19.355,19.3337,19.161,18.8997,2.5722,41.6944,2.276,37.0347,2.0802,40.3151,1.975,43.6775,1.5972,40.6247
2024-09-19 18:00:00,12.2193,19.3397,76.839,77.3147,77.8623,78.518,80.0233,18.837,18.829,18.768,18.556,18.225,2.2033,58.5612,1.9709,51.2249,1.8119,54.4443,1.6769,57.5489,1.3788,55.804
2024-09-19 18:30:00,12.1853,17.792,78.7287,79.2743,79.774,80.4187,81.9777,18.2777,18.258,18.1933,17.975,17.6203,2.1998,59.5705,1.9313,51.2793,1.7856,55.509,1.6577,60.5736,1.3576,58.8119
2024-09-19 19:00:00,12.161,16.679,81.5697,82.0733,82.5233,83.1033,84.41,17.6323,17.6287,17.5827,17.3923,17.102,2.3868,61.3211,2.1131,55.1922,1.9513,59.2393,1.8076,64.3122,1.4802,62.4463
2024-09-19 19:30:00,12.1403,15.9343,83.7567,84.18,84.5467,85.0167,86.2033,17.124,17.1373,17.1137,16.951,16.6823,2.9073,66.218,2.5837,61.5895,2.4193,64.0361,2.2612,68.2968,1.8637,67.4112
2024-09-19 20:00:00,12.115,15.3927,85.2133,85.67,86.1067,86.62,87.8767,16.619,16.6167,16.5827,16.396,16.1303,2.8631,77.339,2.5524,68.6484,2.3553,71.9138,2.1972,76.4334,1.7762,75.7506
2024-09-19 20:30:00,12.0947,14.925,86.27,86.65,87.0833,87.6533,88.8933,16.294,16.312,16.281,16.068,15.8007,2.6954,78.8264,2.4746,71.7345,2.3481,75.5442,2.1867,80.0677,1.7849,79.0439
2024-09-19 21:00:00,12.0813,14.5833,87.1467,87.5333,87.97,88.4833,89.7167,16.1433,16.1483,16.1243,15.904,15.654,2.7873,74.3665,2.4859,65.1716,2.2936,68.7427,2.1251,71.7502,1.7544,70.4771
2024-09-19 21:30:00,12.064,14.3577,88.4333,88.8433,89.2467,89.7167,90.9433,15.9953,16.0027,15.9743,15.758,15.466,2.0691,71.3007,1.8707,63.2162,1.7244,66.9833,1.5985,70.2943,1.2801,66.8823
2024-09-19 22:00:00,12.0473,14.13,89.3167,89.72,90.1233,90.5767,91.82,15.9403,15.9397,15.9147,15.6937,15.4103,2.0469,64.142,1.8404,54.2405,1.7183,56.6832,1.5987,61.4552,1.2966,60.0054
2024-09-19 22:30:00,12.0357,14.057,89.4733,89.8833,90.2933,90.6967,91.81,16.0027,16.016,15.988,15.799,15.5353,2.1564,63.7701,1.8509,55.2274,1.7311,59.0966,1.6081,62.3601,1.2836,59.4131
2024-09-19 23:00:00,12.021,14.006,89.93,90.5267,90.9667,91.4433,92.5467,15.9833,15.956,15.9123,15.7033,15.4157,1.4763,55.6689,1.2598,50.3019,1.1098,55.5988,1.0264,57.8493,0.8639,55.829
2024-09-19 23:30:00,12.0067,13.9187,90.32,90.6867,91.0867,91.5133,92.6233,15.989,16.0133,15.9737,15.7807,15.5,1.7775,59.4915,1.5687,50.9063,1.4286,55.3448,1.3269,58.8139,1.0926,56.8645
2024-09-20 00:00:00,11.9877,13.8497,91.59,91.9833,92.2767,92.58,93.5167,15.7327,15.7343,15.706,15.5187,15.2613,1.585,61.8919,1.4099,55.4257,1.2945,58.7414,1.2202,60.9232,0.9994,58.3576
2024-09-20 00:30:00,11.973,13.739,91.9067,92.4033,92.89,93.2933,94.2833,15.6793,15.651,15.5967,15.378,15.1037,1.69,51.9089,1.433,43.7066,1.2784,47.3833,1.1906,50.2713,0.9678,47.6924
2024-09-20 01:00:00,11.957,13.6313,91.1933,91.7067,92.1033,92.4333,93.4133,15.6033,15.5847,15.5447,15.3567,15.0947,1.5144,45.4217,1.3025,35.1971,1.1671,40.1463,1.1015,41.7597,0.9164,41.133
2024-09-20 01:30:00,11.936,13.4787,92.3267,92.8633,93.25,93.55,94.41,15.2397,15.2347,15.1957,15.0213,14.7793,1.3315,45.1407,1.115,32.7365,0.9772,37.5884,0.9229,36.7143,0.8095,35.333
2024-09-20 02:00:00,11.9183,13.3823,91.36,91.8133,92.1933,92.5033,93.3733,15.185,15.197,15.144,14.9943,14.7577,1.5652,46.2745,1.2858,37.8454,1.1361,42.6274,1.068,44.1581,0.8903,42.2962
2024-09-20 02:30:00,11.9007,13.2993,90.23,90.6567,91.04,91.4733,92.5633,15.2927,15.2923,15.269,15.0697,14.7953,1.5804,54.4121,1.36,46.7621,1.2433,51.6613,1.1594,53.9805,1.0003,52.6701
2024-09-20 03:00:00,11.8837,13.2297,92.3133,92.8,93.1133,93.4733,94.3367,15.272,15.2513,15.2073,14.994,14.702,1.321,63.6218,1.1067,54.1722,1.0029,58.2829,0.9399,60.405,0.8121,59.9809
2024-09-20 03:30:00,11.8657,13.132,92.77,93.2767,93.7267,94.1133,95.1767,15.4477,15.4227,15.3557,15.15,14.8457,1.5612,61.2109,1.3496,54.5234,1.2128,57.069,1.1351,58.8558,0.9569,57.1825
2024-09-20 04:00:00,11.8457,13.1697,92.4933,92.9467,93.33,93.7567,94.7967,15.544,15.523,15.4717,15.2503,14.9243,1.5536,72.8886,1.3589,67.0362,1.2794,70.7168,1.1897,73.8671,0.982,72.2212
2024-09-20 04:30:00,11.8343,13.1977,92.97,93.4667,93.8467,94.1867,95.1367,15.4503,15.4357,15.3723,15.1807,14.8863,1.6636,57.8889,1.4243,47.8261,1.2932,51.5718,1.2265,53.7545,1.0397,53.1471
2024-09-20 05:00:00,11.819,13.166,92.8933,93.4767,93.92,94.2667,95.1933,15.309,15.2683,15.2103,14.9903,14.6867,1.3637,56.4931,1.1412,50.7775,1.0275,54.1758,0.956,57.9667,0.8188,55.0746
2024-09-20 05:30:00,11.805,13.0267,92.61,93.15,93.63,94.0933,95.2467,15.1177,15.08,15.0073,14.779,14.4297,1.8444,64.4197,1.5885,57.7091,1.4693,61.429,1.3666,66.0001,1.1253,64.3571
2024-09-20 06:00:00,11.8283,13.0617,91.13,91.5267,91.9133,92.3467,93.4267,15.0633,15.0747,15.054,14.853,14.6137,2.313,70.3195,2.095,60.6926,1.9424,66.5003,1.8102,69.8233,1.48,68.1507
2024-09-20 06:30:00,11.991,13.318,88.8933,89.2,89.5567,90.0267,91.1067,15.1203,15.1687,15.1533,14.9927,14.8183,2.6214,76.7191,2.3973,65.8329,2.2729,69.4898,2.1316,74.08,1.7577,72.5575
2024-09-20 07:00:00,12.412,13.9397,86.2533,86.5567,86.8733,87.33,88.3467,15.3433,15.4047,15.4433,15.3213,15.2247,2.6565,74.5348,2.4088,63.2756,2.2928,67.072,2.1471,71.2724,1.7758,70.2496
2024-09-20 07:30:00,12.7303,14.9067,82.4833,82.77,83.1933,83.8067,84.98,15.8033,15.889,15.9383,15.8323,15.8103,3.2734,81.8828,2.9252,74.614,2.7453,78.7412,2.5608,83.8842,2.0961,82.3944
2024-09-20 08:00:00,13.0763,16.1843,79.471,79.681,80.035,80.6463,81.7713,16.445,16.5547,16.655,16.587,16.6587,2.5291,84.5774,2.2989,76.1014,2.1837,81.2583,2.0458,85.4597,1.6653,82.4618
2024-09-20 08:30:00,13.4517,17.7773,75.7027,75.9613,76.3607,76.9833,78.0493,17.0917,17.228,17.344,17.3203,17.407,2.9417,82.6801,2.6338,71.4402,2.4787,74.4532,2.3078,78.4504,1.916,76.2785
2024-09-20 09:00:00,13.5203,19.3647,72.005,72.2533,72.7037,73.4613,74.804,17.6557,17.7883,17.9093,17.8917,18.0287,3.4581,82.6359,3.1012,74.9212,2.8936,78.6955,2.6983,82.7712,2.2675,81.0055
2024-09-20 09:30:00,13.4923,20.9833,68.346,68.5817,69.075,69.8217,71.214,18.4623,18.5763,18.6963,18.6783,18.847,3.6883,82.615,3.3422,74.3772,3.1232,76.7168,2.9062,81.3532,2.433,78.2577
2024-09-20 10:00:00,13.495,22.5753,65.6533,65.9587,66.3803,67.1343,68.5733,19.162,19.305,19.4363,19.431,19.6037,3.6258,80.8455,3.2767,68.8312,3.1053,72.9062,2.8758,77.6516,2.4108,75.4389
2024-09-20 10:30:00,13.2787,23.6857,63.53,63.9023,64.453,65.2557,66.6427,19.667,19.8257,19.97,19.9797,20.16,3.9572,86.5848,3.5496,78.5556,3.3131,83.1286,3.0966,85.1088,2.602,84.2902
2024-09-20 11:00:00,13.0673,24.0703,61.2857,61.6897,62.373,63.294,64.8323,20.358,20.5007,20.654,20.691,20.8867,3.6138,90.296,3.2401,80.0131,3.0724,82.902,2.8684,86.0711,2.4069,84.3451
2024-09-20 11:30:00,13.0667,24.845,57.6137,58.0053,58.6303,59.4427,61.021,20.9413,21.0583,21.1793,21.1873,21.3513,4.3198,88.7539,3.8758,78.4722,3.6883,78.3426,3.4337,81.5113,2.8731,79.9135
2024-09-20 12:00:00,13.067,26.0717,56.0413,56.4667,57.2007,58.0097,59.597,21.429,21.546,21.6547,21.6617,21.844,3.8205,86.6334,3.3989,76.6182,3.1798,78.302,2.9744,82.7258,2.494,82.0637
2024-09-20 12:30:00,13.0657,27.2713,54.2523,54.5773,55.3287,56.1437,58.0597,21.8433,21.9783,22.075,22.0957,22.1907,3.9374,80.4706,3.57,73.7546,3.3616,76.4054,3.1399,80.5664,2.6395,78.6433
2024-09-20 13:00:00,13.0887,28.0553,53.557,54.014,54.7227,55.6643,57.7587,22.0937,22.2137,22.3363,22.3357,22.386,3.7571,83.6848,3.4237,75.0946,3.2288,78.9149,3.011,82.9503,2.5156,81.824
2024-09-20 13:30:00,13.1593,28.5743,52.178,52.6823,53.41,54.4297,56.597,22.3107,22.4033,22.5273,22.4997,22.5053,3.5644,89.6281,3.2682,81.1323,3.0667,84.2721,2.869,87.7725,2.3546,87.3301
2024-09-20 14:00:00,13.165,28.7693,50.8677,51.4267,52.2233,53.277,55.718,22.508,22.5973,22.7043,22.6643,22.6383,3.2111,91.4109,2.8995,81.7983,2.7222,85.0884,2.5234,89.3377,2.0539,87.8131
2024-09-20 14:30:00,13.161,28.757,50.1733,50.7633,51.6483,52.8023,55.154,22.609,22.6727,22.7557,22.6943,22.6413,2.9979,98.4422,2.6961,91.5594,2.5171,93.9864,2.3374,97.7621,1.9099,95.2647
2024-09-20 15:00:00,13.1653,28.3343,50.144,50.916,51.8857,53.0467,55.379,22.5073,22.5587,22.601,22.486,22.3717,3.3943,99.0617,3.0201,88.1591,2.815,91.7843,2.6207,94.0442,2.1473,90.3509
2024-09-20 15:30:00,13.1687,27.5167,50.5017,51.0443,51.7863,52.939,55.3657,22.6153,22.6323,22.6733,22.521,22.3123,2.8679,83.9315,2.6244,75.3283,2.4535,79.2386,2.2766,83.4342,1.8812,81.5338
2024-09-20 16:00:00,13.1963,26.4913,50.887,51.4807,52.4177,53.6637,56.151,22.4067,22.4037,22.3823,22.182,21.8677,3.3827,89.5572,2.9799,79.2586,2.7553,83.9856,2.546,87.199,2.0841,85.7018
2024-09-20 16:30:00,13.2073,25.1223,52.4887,53.0167,53.905,55.0827,57.5887,22.1507,22.141,22.0653,21.8307,21.43,2.9744,86.0292,2.7438,79.0788,2.5624,82.2443,2.3738,86.2819,1.9188,84.6625
2024-09-20 17:00:00,12.879,23.5743,53.92,54.4887,55.1877,56.1963,58.549,21.727,21.6823,21.5857,21.3447,20.8953,2.7209,81.3095,2.4679,70.49,2.3156,74.1557,2.1477,78.1212,1.7278,76.6048
2024-09-20 17:30:00,12.3157,21.8007,56.6553,57.404,58.1847,59.343,61.8897,21.037,20.9613,20.8283,20.542,19.992,2.2562,81.0952,1.9665,72.1777,1.8158,75.8602,1.6771,80.0664,1.323,78.6113
2024-09-20 18:00:00,12.2317,19.789,60.3963,61.409,62.55,63.8997,66.864,20.139,19.9863,19.7707,19.376,18.681,1.7731,83.1684,1.6015,77.9352,1.45,83.9678,1.3139,87.992,1.002,85.5109
2024-09-20 18:30:00,12.2003,18.0107,62.4207,63.368,64.4217,65.6273,68.4027,19.5247,19.3827,19.184,18.8103,18.1627,1.7701,78.0502,1.5332,70.899,1.4304,74.8112,1.32,79.6289,1.0299,78.6666
2024-09-20 19:00:00,12.178,16.706,64.0887,64.8587,65.7093,66.744,69.1927,19.034,18.9363,18.7877,18.4703,17.911,2.0475,77.4265,1.7736,71.3356,1.673,73.9215,1.5416,78.2233,1.2315,77.1614
2024-09-20 19:30:00,12.1553,15.896,65.6123,66.3943,67.19,68.2267,70.655,18.719,18.6327,18.49,18.1917,17.6443,2.1044,71.1831,1.8193,63.5979,1.6795,69.4759,1.5349,74.6291,1.2309,73.1064
2024-09-20 20:00:00,12.1323,15.3717,68.112,68.8537,69.7123,70.7693,73.0977,18.169,18.1037,17.9497,17.6567,17.128,1.7359,72.1568,1.5003,63.5022,1.374,69.1917,1.2531,73.683,0.9863,72.3554
2024-09-20 20:30:00,12.1107,14.8847,69.667,70.3083,71.0733,71.9973,74.133,17.8637,17.816,17.6977,17.4377,16.9953,2.1301,63.8769,1.8661,55.1819,1.7104,61.2231,1.5804,64.9039,1.2707,63.1973
2024-09-20 21:00:00,12.0917,14.583,71.532,72.221,72.986,73.989,76.1877,17.499,17.4623,17.3423,17.072,16.5953,1.9774,72.1738,1.7431,65.1753,1.6072,71.5682,1.482,75.4611,1.1727,74.9576
2024-09-20 21:30:00,12.0757,14.2977,73.325,74.0487,74.7647,75.66,77.6747,17.1463,17.094,16.986,16.7273,16.301,2.1233,80.6602,1.8816,72.5576,1.7385,77.5299,1.6205,81.3264,1.2749,78.6924
2024-09-20 22:00:00,12.0587,14.0187,74.667,75.4703,76.2477,77.0987,79.0917,16.9063,16.8253,16.7047,16.44,16.0073,1.6396,83.1969,1.3546,75.0087,1.2383,80.2055,1.134,82.8577,0.9127,80.3404
2024-09-20 22:30:00,12.0457,13.6873,75.4707,76.3557,77.3847,78.4887,80.8933,16.7603,16.6637,16.4993,16.1773,15.6467,1.8217,84.6181,1.5514,76.0415,1.3892,82.3994,1.259,86.4026,0.9872,85.8076
2024-09-20 23:00:00,12.0307,13.4353,76.6783,77.4257,78.1747,79.0547,81.22,16.536,16.4683,16.3533,16.073,15.592,1.593,79.0525,1.3644,69.7191,1.2664,72.202,1.1444,75.9972,0.9221,74.7014
2024-09-20 23:30:00,12.0123,13.1757,77.949,78.8517,79.8927,81.0467,83.8167,16.266,16.137,15.957,15.5933,14.9273,1.3864,81.7176,1.1645,73.7044,1.0388,79.7743,0.9221,84.6423,0.7539,84.6331
2024-09-21 00:00:00,11.9967,12.807,79.07,80.1003,81.14,82.4567,85.4833,16.041,15.914,15.7267,15.3137,14.535,1.301,77.0617,1.0678,71.3535,0.9713,78.6443,0.8792,83.2929,0.73,84.9625
2024-09-21 00:30:00,11.9793,12.4977,80.2787,81.13,82.0033,83.0067,85.3933,15.757,15.646,15.496,15.179,14.6317,1.6028,74.8686,1.411,67.9934,1.2777,74.427,1.1475,78.0385,0.9003,76.1617
2024-09-21 01:00:00,11.9577,12.3667,82.2067,83.1467,84.16,85.2367,87.4467,15.3077,15.2143,15.0203,14.6607,14.074,1.5164,78.8672,1.2487,74.0656,1.124,80.1453,1.0022,85.2889,0.8066,84.916
2024-09-21 01:30:00,11.938,12.004,83.2167,84.7367,86.3033,88.04,90.9967,15.0527,14.8447,14.5167,13.9693,13.0627,1.3838,89.7336,1.0462,88.1896,0.8975,98.8194,0.7502,106.2785,0.6433,104.4102
2024-09-21 02:00:00,11.9177,11.4543,83.4367,85.1833,87.12,89.43,93.3333,14.9633,14.7387,14.3973,13.7287,12.5043,1.262,96.0396,0.99,96.8709,0.872,107.4054,0.7659,114.8329,0.6342,113.7477
2024-09-21 02:30:00,11.8963,10.8587,84.5033,86.7267,89.4733,92.5367,96.3767,14.7177,14.437,13.9667,13.1137,11.7303,1.2372,83.7849,0.9974,84.2721,0.8868,98.6806,0.7685,106.659,0.615,104.92
2024-09-21 03:00:00,11.874,10.4853,85.57,86.8567,88.25,89.6867,92.5733,14.4717,14.3067,14.0227,13.5687,12.7977,1.4556,70.2402,1.2132,68.6525,1.0882,77.9384,0.983,83.8244,0.7992,84.7979
2024-09-21 03:30:00,11.8553,10.595,86.7667,87.8333,88.7967,89.7733,91.7533,14.146,14.0257,13.8113,13.4297,12.8397,1.3326,78.1938,1.1216,79.6996,1.0351,88.2142,0.9247,92.9586,0.7548,92.7588
2024-09-21 04:00:00,11.8357,10.5237,88.3167,89.6467,90.9867,92.3833,94.6333,13.771,13.6223,13.3473,12.7983,11.9453,1.1544,91.0159,0.9528,96.4336,0.8872,108.4873,0.7982,115.387,0.6662,113.9504
2024-09-21 04:30:00,11.8173,10.1517,89.4733,91.23,93.0033,94.6733,97.1,13.4657,13.266,12.93,12.2483,11.2063,0.9824,83.6168,0.8428,90.2552,0.7725,102.6271,0.6816,111.391,0.6209,111.2792
2024-09-21 05:00:00,11.7417,9.8373,89.5533,90.71,91.9267,93.23,95.67,13.3187,13.2077,12.9643,12.4883,11.7523,1.3964,75.2215,1.1566,74.5962,1.0564,83.3231,0.9565,90.4135,0.7703,90.5367
2024-09-21 05:30:00,11.6143,9.8733,90.6633,91.7633,92.61,93.4533,95.1567,13.044,12.95,12.7517,12.3003,11.6347,1.2433,92.3487,1.0094,93.5841,0.9397,102.7988,0.8256,108.9735,0.6795,109.2544
2024-09-21 06:00:00,11.6663,9.779,91.33,92.6467,94.0933,95.36,97.1833,12.8407,12.6873,12.3727,11.916,11.2303,1.147,79.7477,0.9667,78.7036,0.8343,86.1192,0.7452,91.5903,0.6446,92.2181
2024-09-21 06:30:00,11.8027,10.0013,89.64,90.2333,91.01,91.97,93.6567,13.1577,13.169,13.079,12.7797,12.425,1.0617,71.3953,0.8731,66.9119,0.7674,73.2459,0.6671,78.9212,0.6135,79.5215
2024-09-21 07:00:00,12.2537,11.149,86.99,87.33,87.7833,88.52,89.38,13.7697,13.8633,13.9093,13.7733,13.7727,1.3038,73.2611,1.1486,64.7937,1.0536,70.4637,0.9499,73.7516,0.7914,72.684
2024-09-21 07:30:00,12.615,13.0287,83.9667,84.1533,84.4367,85.0433,85.6933,14.67,14.801,14.9027,14.8297,14.9527,1.3274,78.6124,1.1984,70.25,1.1523,74.2244,1.0791,78.4249,0.865,76.2575
2024-09-21 08:00:00,12.976,15.2973,80.6583,80.7257,80.9083,81.531,81.97,15.7623,15.8867,16.03,15.985,16.2327,1.3058,89.4039,1.1949,78.7071,1.1192,81.4903,1.0395,83.9408,0.8156,82.3213
2024-09-21 08:30:00,13.5317,17.6777,77.0683,77.3237,77.7317,78.526,79.2783,16.7293,16.8977,17.0677,17.0857,17.3777,1.7795,96.8098,1.6214,88.0271,1.541,92.7101,1.4436,96.6317,1.1501,95.1129
2024-09-21 09:00:00,13.5287,20.0327,74.0893,74.3297,74.708,75.5,76.419,17.631,17.7977,17.9833,18.0207,18.356,2.0497,101.8661,1.938,93.5898,1.8293,96.6287,1.6989,98.7498,1.4365,95.6941
2024-09-21 09:30:00,13.5073,22.3823,71.005,71.3137,71.752,72.6157,73.409,18.5023,18.6697,18.8767,18.9423,19.367,1.8045,101.6866,1.6845,92.001,1.6111,95.9896,1.512,101.2421,1.3058,99.7153
2024-09-21 10:00:00,13.497,24.7233,68.1323,68.3243,68.6707,69.328,70.1947,19.3993,19.5793,19.79,19.8657,20.2637,1.7183,75.7581,1.5362,64.9379,1.4687,67.5488,1.3903,71.2912,1.2278,68.1421
2024-09-21 10:30:00,13.3967,26.2797,65.683,65.9393,66.4133,67.2387,68.3747,20.0923,20.2577,20.4473,20.5217,20.872,1.9657,98.0919,1.7779,87.7759,1.6704,91.1718,1.5562,93.7307,1.3232,91.0033
2024-09-21 11:00:00,13.139,26.6973,63.5677,63.8477,64.451,65.4733,66.9113,20.972,21.1337,21.347,21.4377,21.8543,1.9169,98.3595,1.7997,89.929,1.7263,92.0546,1.6153,96.4496,1.3372,93.9173
2024-09-21 11:30:00,13.1263,27.481,61.3057,61.9573,62.7063,63.4193,64.5643,21.77,21.916,22.117,22.2103,22.662,2.0029,104.3517,1.8304,96.1173,1.7076,99.8587,1.5869,103.2862,1.318,101.3774
2024-09-21 12:00:00,13.1203,28.871,57.766,58.3257,59.502,60.5743,62.069,22.2507,22.3647,22.4963,22.5743,22.9327,2.6571,109.0718,2.4193,97.1953,2.2366,98.3614,2.073,101.756,1.6945,99.2697
2024-09-21 12:30:00,13.134,29.8447,56.1287,56.493,57.5923,58.5723,60.854,22.7003,22.856,22.9503,23.0527,23.2237,2.6229,95.9281,2.3977,85.3025,2.2682,87.8243,2.0948,90.7323,1.7329,89.8117
2024-09-21 13:00:00,13.1277,30.524,51.1007,51.5017,52.4043,53.641,56.3843,23.1977,23.318,23.429,23.4853,23.5517,2.8962,101.8151,2.6575,92.4085,2.5055,94.1427,2.3095,97.4096,1.8862,95.6359
2024-09-21 13:30:00,13.131,30.8303,49.0657,49.7203,50.8373,52.2357,55.188,23.4727,23.5757,23.698,23.7127,23.6983,2.634,115.8481,2.3455,105.1752,2.1678,107.9732,1.9846,111.9793,1.6076,109.8712
2024-09-21 14:00:00,13.1153,30.9057,48.359,49.1487,50.415,52.0407,55.3187,23.5937,23.662,23.777,23.7867,23.7293,2.4846,125.3646,2.2553,114.5455,2.0789,116.9324,1.8842,120.4227,1.5105,118.1665
2024-09-21 14:30:00,13.112,30.756,47.8377,48.526,49.7583,51.2473,54.2287,23.639,23.6943,23.782,23.7513,23.673,2.2751,118.256,2.1074,111.3759,1.9622,114.5364,1.7877,118.4402,1.3979,116.12
2024-09-21 15:00:00,13.1287,30.3363,47.812,48.575,49.9323,51.5263,54.5797,23.7527,23.8,23.8803,23.8073,23.7243,1.884,116.2151,1.69,105.1571,1.5636,108.5655,1.4282,112.7892,1.1155,110.3275
2024-09-21 15:30:00,13.138,29.752,46.1407,47.108,48.557,50.507,54.2693,23.8357,23.8763,23.885,23.774,23.6007,1.6283,121.7195,1.4572,113.6602,1.3448,115.0856,1.2139,119.1317,0.9299,117.4837
2024-09-21 16:00:00,13.1377,28.895,49.721,50.833,52.0867,53.655,57.7087,23.595,23.5883,23.603,23.531,23.1983,1.3914,152.2361,1.201,144.5421,1.1081,146.7573,0.9981,153.1552,0.7775,150.9501
2024-09-21 16:30:00,13.1293,27.7623,51.9773,53.8643,56.4143,59.085,64.001,23.3617,23.2587,23.1943,23.001,22.64,0.8953,124.345,0.7487,118.226,0.6594,123.0665,0.5621,132.0197,0.5079,133.5905
2024-09-21 17:00:00,12.6787,26.1707,53.5987,54.998,57.5177,60.0523,65.8757,22.821,22.711,22.4897,22.116,21.3573,0.9486,110.2264,0.7729,100.724,0.7063,106.7818,0.6276,111.4764,0.5556,116.5361
2024-09-21 17:30:00,12.3133,23.7953,60.6163,70.104,77.8527,81.5007,85.1697,21.4887,20.4093,19.399,18.7357,18.0883,0.4922,119.8542,0.5508,100.5507,0.4915,133.0817,0.6914,111.4575,0.74,151.0561
2024-09-21 18:00:00,12.2403,20.8357,71.927,79.1887,87.5633,92.1733,94.55,19.257,18.392,17.5303,16.7067,15.9063,0.5725,122.3568,0.6784,100.5538,0.6246,137.7191,0.7339,111.3917,0.7607,134.6482
2024-09-21 18:30:00,12.2077,18.0353,71.2053,82.2043,90.7633,94.7033,97.6633,19.3487,17.827,16.5843,15.7147,14.789,0.8576,90.4519,0.5747,101.6699,0.5,116.2362,0.6154,110.3683,0.6864,95.0394
2024-09-21 19:00:00,12.1817,15.9123,69.3777,75.8033,87.3033,93.9633,97.0567,19.641,18.5477,16.5387,15.1547,14.3743,0.9421,87.6598,0.6884,99.9956,0.5242,112.41,0.6374,112.4365,0.7306,87.398
2024-09-21 19:30:00,12.158,14.453,71.4287,76.1453,85.1433,92.1033,96.4267,19.1287,18.3763,16.808,15.422,14.3897,1.019,83.1819,0.6583,91.2936,0.5418,103.7241,0.5756,85.3951,0.6588,86.0444
2024-09-21 20:00:00,12.1343,13.5143,73.4043,77.9843,84.412,89.33,94.1233,18.649,17.8943,16.7667,15.6897,14.488,0.953,82.583,0.6742,93.2051,0.583,106.7859,0.6228,110.3173,0.6692,84.4994
2024-09-21 20:30:00,12.1123,12.8297,74.5923,78.2053,83.62,88.6767,93.3233,18.25,17.6397,16.592,15.4087,14.2693,0.9395,84.0923,0.7108,92.7092,0.5562,102.1958,0.5699,94.8301,0.6461,73.5023
2024-09-21 21:00:00,12.0893,12.2623,76.3387,83.908,92.6933,95.3467,97.3867,17.7557,16.5927,14.8733,14.0867,13.2797,0.7311,94.3522,0.4615,118.8188,0.5534,132.5508,0.7132,119.604,0.742,313.4828
2024-09-21 21:30:00,12.0707,11.794,76.1087,81.6597,87.7633,90.56,94.2867,17.6253,16.736,15.7817,15.1327,14.2923,1.009,69.4496,0.6806,73.8007,0.5619,79.2202,0.5985,95.3858,0.6599,68.5722
2024-09-21 22:00:00,12.057,11.679,76.8533,79.7003,83.76,87.6,91.8667,17.418,16.9593,16.201,15.1977,14.096,1.0908,79.4522,0.9258,85.0781,0.8069,97.9106,0.6801,101.6306,0.6353,91.8626
2024-09-21 22:30:00,12.044,11.6003,79.295,82.2833,86.6167,90.4133,94.17,16.858,16.4347,15.6543,14.7003,13.642,1.132,76.376,0.8456,84.6065,0.7635,99.4848,0.6448,102.9706,0.6098,95.965
2024-09-21 23:00:00,12.0267,11.5043,80.9237,83.5033,86.46,89.37,92.77,16.4793,16.1163,15.5913,14.758,13.5663,0.9902,81.3095,0.7339,90.6582,0.7006,107.3826,0.6157,113.8797,0.5917,108.6355
2024-09-21 23:30:00,12.006,11.1943,82.92,86.7267,92.7667,96.4,98.3533,16.045,15.5057,14.2777,13.027,12.1037,0.8006,94.0179,0.6784,112.1396,0.6183,122.2237,0.5416,125.8531,0.6773,94.9762
2024-09-22 00:00:00,11.9887,10.8183,84.2233,87.6233,93.95,98.3467,99.7367,15.7013,15.262,14.1497,12.873,11.828,0.965,88.5768,0.8776,101.4959,0.8284,114.1516,0.6679,119.2114,0.6046,104.7092
2024-09-22 00:30:00,11.9753,10.6033,83.68,86.1833,89.12,92.5033,96.9733,15.6947,15.329,14.7567,13.839,12.4823,1.0837,82.807,0.843,95.0799,0.809,110.8793,0.7084,121.3162,0.6174,116.8048
2024-09-22 01:00:00,11.954,10.477,84.8333,87.3567,90.5467,93.3033,96.8333,15.487,15.0703,14.3803,13.5307,12.411,1.0384,88.4805,0.8781,98.4003,0.8036,111.4845,0.7084,117.3174,0.6518,110.4562
2024-09-22 01:30:00,11.9357,10.4283,87.27,89.85,92.7933,94.8133,96.9633,15.0213,14.7137,14.054,12.786,11.7753,0.9458,99.178,0.8909,111.2177,0.8672,124.7527,0.7106,130.167,0.7154,101.4119
2024-09-22 02:00:00,11.9047,10.161,91.22,97.4333,99.1467,99.9967,100.0867,14.3487,13.6127,12.3177,11.4903,11.0477,0.7267,100.3582,0.6065,114.5332,0.5214,122.4934,0.737,97.465,0.7677,327.3139
2024-09-22 02:30:00,11.7017,9.8007,90.2067,98.1367,100.1067,100.0833,100.1,14.4143,13.3053,11.8597,11.194,10.7757,0.9023,98.7308,0.7999,117.0101,0.4724,121.1726,0.6834,118.2439,0.7533,308.2133
2024-09-22 03:00:00,11.7333,9.5333,91.9133,97.32,100.1867,100.1067,100.1,14.0013,12.9737,11.9093,11.4207,10.986,0.75,98.2091,0.6779,117.7448,0.5897,132.7049,0.6816,146.3563,0.7505,209.7252
2024-09-22 03:30:00,11.7207,9.3533,90.9233,96.1633,99.2733,100.0367,100.0967,14.183,13.276,12.6307,12.0443,11.423,1.0876,73.9683,0.9081,85.2709,0.8731,98.8859,0.8212,127.5573,0.696,122.2889
2024-09-22 04:00:00,11.7117,9.519,90.3167,93.3533,96.3833,98.0733,99.4233,14.2613,13.7007,13.0547,12.504,11.8597,0.9293,91.2183,0.8058,113.6024,0.7457,123.6437,0.7655,114.9924,0.7128,137.2311
2024-09-22 04:30:00,11.699,9.5287,91.9967,97.0133,98.97,99.6833,99.9933,13.91,12.8,12.1513,11.7653,11.1807,0.7836,102.76,0.5904,122.1997,0.6503,128.1965,0.7272,174.0771,0.7539,229.5782
2024-09-22 05:00:00,11.6883,9.395,93.59,98.87,99.94,100.03,100.0967,13.6203,12.499,11.9337,11.657,11.18,0.6032,105.3078,0.6522,130.5376,0.6708,118.0241,0.7378,185.3613,0.7668,193.2449
2024-09-22 05:30:00,11.6697,9.376,95.35,99.32,100.1033,100.0767,100.1,13.3243,12.5617,12.2187,11.877,11.268,0.7404,117.6803,0.728,129.3903,0.6888,157.141,0.6688,218.2721,0.6908,216.527
2024-09-22 06:00:00,11.6837,9.7153,93.1867,95.9367,98.3833,99.4467,100.0967,13.6263,13.2637,12.8353,12.3587,11.872,1.0046,83.6004,0.8986,94.7211,0.7992,108.7621,0.671,116.4851,0.6054,115.0345
2024-09-22 06:30:00,11.7457,10.3693,91.5567,93.19,95.58,97.46,99.21,13.9167,13.733,13.388,12.9317,12.486,1.0449,90.9378,0.8816,98.3555,0.7912,108.4161,0.6871,116.8573,0.5987,118.1312
2024-09-22 07:00:00,12.1677,11.3233,89.4733,90.59,91.9967,93.8433,96.5533,14.5053,14.4693,14.3513,14.0387,13.7883,1.2363,88.4742,1.1165,86.2081,1.0044,92.867,0.8872,96.9032,0.7032,94.3181
2024-09-22 07:30:00,12.6487,13.137,85.9533,86.6933,87.44,88.47,89.6567,15.585,15.689,15.7767,15.6687,15.748,1.2498,108.4821,1.0832,103.4958,0.9861,105.367,0.9051,110.758,0.7278,106.3287
2024-09-22 08:00:00,12.907,15.5227,81.0213,81.3993,81.8253,82.7303,83.79,16.8383,16.9717,17.0933,17.0533,17.2153,1.5443,103.0296,1.4075,90.7087,1.3165,93.7527,1.2076,97.7352,0.928,94.9435
2024-09-22 08:30:00,12.8723,17.4567,79.6603,80.1543,80.7113,81.5587,83.01,17.3863,17.4933,17.5727,17.524,17.5887,1.2773,96.4412,1.1605,83.9199,1.0998,85.2599,1.0283,87.4504,0.821,85.8829
2024-09-22 09:00:00,13.4263,18.5907,77.5497,77.912,78.531,79.3997,80.812,17.965,18.1083,18.2537,18.2383,18.4257,1.5181,90.8935,1.397,81.6672,1.3356,84.2831,1.2339,87.6433,1.0312,85.6632
2024-09-22 09:30:00,13.5727,20.5473,73.69,74.1023,74.6453,75.4513,76.8573,18.9647,19.0767,19.2357,19.2197,19.447,1.7045,89.4594,1.5525,79.3945,1.5064,81.5352,1.4005,85.273,1.1142,84.099
2024-09-22 10:00:00,13.624,21.7363,70.9817,71.427,72.1697,73.2373,75.153,19.668,19.7853,19.9127,19.9033,20.0293,1.9376,89.2832,1.7797,78.8987,1.6804,81.622,1.5519,84.9244,1.2825,82.8861
2024-09-22 10:30:00,13.6,22.81,68.5593,69.0807,69.9577,71.0767,72.7003,20.6297,20.7873,20.955,20.9843,21.221,1.6606,107.3243,1.5493,96.9866,1.4439,99.2961,1.33,103.8147,1.1311,101.7594
2024-09-22 11:00:00,13.5467,24.5903,62.0883,62.7427,63.577,64.7437,66.5103,21.7077,21.8573,22.0353,22.0593,22.351,2.4703,120.4138,2.2309,111.3058,2.0826,114.603,1.9029,118.5598,1.5349,115.1785
2024-09-22 11:30:00,13.402,25.4103,62.6407,63.2153,64.0603,65.2003,67.52,21.7533,21.846,21.9223,21.8677,21.924,1.7623,117.2133,1.6,106.1337,1.5072,108.2755,1.3875,111.4004,1.1261,108.4063
2024-09-22 12:00:00,13.125,26.659,58.136,58.6573,59.8943,61.0333,63.1373,22.3337,22.4783,22.6573,22.744,23.1237,2.4354,100.7018,2.2294,89.7457,2.1198,91.6281,1.9807,94.6017,1.6272,92.3501
2024-09-22 12:30:00,13.1127,28.8163,56.1597,56.5287,57.676,58.357,60.5807,23.0677,23.2567,23.2617,23.3977,23.5423,1.7522,122.9934,1.597,113.9043,1.5077,115.2617,1.4038,119.4261,1.1464,116.8774
2024-09-22 13:00:00,13.1357,29.4303,56.4313,56.9717,58.2617,59.7777,62.623,23.056,23.1543,23.2297,23.2147,23.2073,2.2303,119.0519,2.0371,108.6194,1.9182,109.2135,1.7668,112.2199,1.4169,110.3977
2024-09-22 13:30:00,13.1433,29.2923,56.8647,57.5653,58.561,59.9323,62.6817,23.16,23.2187,23.2907,23.2333,23.1547,2.4302,108.537,2.1806,98.0144,2.0343,98.821,1.8744,101.8491,1.5001,100.147
2024-09-22 14:00:00,13.163,28.0797,57.6567,58.7263,60.2803,62.158,65.4163,22.917,22.898,22.835,22.6213,22.3333,1.6856,112.2155,1.5332,103.5438,1.4378,105.3657,1.3036,109.474,1.0135,108.3892
2024-09-22 14:30:00,13.176,26.2153,58.4423,59.6417,61.174,63.2457,67.5213,22.7193,22.6903,22.6527,22.4233,22.1457,1.2174,117.964,1.0837,105.3388,0.9905,107.19,0.8759,110.6572,0.6795,108.6685
2024-09-22 15:00:00,13.1713,24.9377,59.9407,61.912,64.297,66.8973,71.442,22.5667,22.516,22.4503,22.221,21.965,0.9885,116.8667,0.8025,105.3992,0.7174,108.4553,0.6387,110.2104,0.5608,110.001
2024-09-22 15:30:00,13.169,23.9793,65.2427,75.7713,80.1173,82.1017,84.935,22.147,21.7737,21.6527,21.5053,21.376,0.5919,104.9983,0.4798,114.2389,0.461,122.1333,0.6039,106.9656,0.6775,117.6852
2024-09-22 16:00:00,12.822,23.0973,63.819,77.3763,84.1497,86.6867,89.14,21.9597,21.0647,20.635,20.4257,20.2783,0.7285,96.2908,0.4525,98.3886,0.3852,121.3683,0.5305,119.4471,0.652,126.1453
2024-09-22 16:30:00,13.0917,22.1667,68.05,78.1103,83.7767,87.3267,90.2967,21.4243,20.54,20.19,19.957,19.8143,0.6662,100.4622,0.4883,117.6957,0.4155,134.441,0.3711,146.0666,0.5314,147.0371
2024-09-22 17:00:00,12.344,21.298,72.617,80.3833,85.89,89.0533,92.07,20.7407,20.1387,19.8133,19.507,19.231,0.5383,149.1862,0.5364,141.1472,0.549,141.7755,0.6202,173.4639,0.6769,170.146
2024-09-22 17:30:00,12.2613,20.291,77.2457,82.842,88.3167,90.9667,94.5933,20.014,19.4913,19.017,18.5983,18.0873,0.5958,144.0125,0.6786,66.4241,0.5897,82.6907,0.6178,138.8332,0.6862,140.4805
2024-09-22 18:00:00,12.215,19.2237,80.9627,89.6333,93.5667,94.93,96.19,19.3913,18.5033,18.0173,17.7143,17.4233,0.4789,118.2538,0.5397,143.2209,0.6568,134.5061,0.7245,111.4222,0.7524,109.2364
2024-09-22 18:30:00,12.1923,18.2313,80.7757,90.3733,93.8567,95.1433,96.9067,19.1823,18.1103,17.6233,17.3233,16.8777,0.5606,120.518,0.6211,109.3379,0.6255,145.2095,0.7054,112.7535,0.7627,81.1364
2024-09-22 19:00:00,12.1707,17.515,77.3913,87.5433,95.0733,96.9033,97.9667,19.583,18.453,17.532,17.116,16.8113,0.73,113.0549,0.6514,111.5211,0.532,118.9298,0.6019,114.2571,0.7359,89.2679
2024-09-22 19:30:00,12.1483,17.0807,80.06,90.3233,95.5033,97.0133,98.1633,19.196,18.109,17.443,17.079,16.7467,0.6281,114.0852,0.6218,117.9992,0.6148,102.3956,0.5891,91.6695,0.6614,88.5151
2024-09-22 20:00:00,12.13,16.7327,79.3427,91.01,96.2733,97.6033,98.5467,19.117,17.895,17.126,16.742,16.4197,0.6244,97.9262,0.5684,105.0991,0.5471,121.071,0.679,145.3641,0.7202,174.3031
2024-09-22 20:30:00,12.111,16.3923,80.4997,93.3633,97.54,98.5267,99.1267,18.8377,17.5013,16.8857,16.5117,16.1643,0.5599,96.9982,0.4972,110.481,0.4896,128.326,0.6538,145.4111,0.7228,198.2925
2024-09-22 21:00:00,12.0917,15.9497,77.5797,88.47,96.7067,98.6933,99.3533,18.925,17.7193,16.758,16.0577,15.5923,0.8313,86.7189,0.723,98.066,0.6821,108.6714,0.6063,141.2399,0.6725,118.2739
2024-09-22 21:30:00,12.08,15.4527,80.26,85.8233,92.7333,96.76,99.0467,18.6653,17.9743,16.8723,15.9907,15.1323,0.8901,102.3206,0.7587,111.0955,0.7707,115.5588,0.7446,134.7078,0.6834,118.7789
2024-09-22 22:00:00,12.0627,15.0383,81.87,93.08,98.25,99.2233,99.84,18.2597,16.9337,15.935,15.5133,15.1873,0.6856,107.4794,0.5379,115.6402,0.5009,128.4104,0.7174,107.8854,0.7433,88.0357
2024-09-22 22:30:00,12.0513,14.9017,86.16,97.2033,98.69,99.37,99.9433,17.6077,16.4477,16.151,15.8303,15.45,0.5492,131.9926,0.6599,137.7848,0.6466,152.9912,0.7182,90.8171,0.7363,206.5002
2024-09-22 23:00:00,11.9327,14.759,88.9,96.4233,98.8067,99.5733,99.82,17.0893,16.428,16.1623,15.7797,15.114,0.5762,109.1863,0.6296,119.5474,0.6194,131.0466,0.613,90.8216,0.7174,187.9092
2024-09-22 23:30:00,11.8657,14.6163,86.81,94.9933,98.3267,99.5933,100.0733,17.3113,16.4077,15.8793,15.3797,14.9823,0.6518,140.4861,0.7413,159.1848,0.7322,161.2814,0.671,160.924,0.6795,172.4868
2024-09-23 00:00:00,11.8723,14.551,87.8533,96.4333,98.85,99.5167,99.9767,17.0713,16.154,15.8173,15.4643,15.1263,0.6477,108.9005,0.615,125.4298,0.713,143.1029,0.6897,173.1643,0.7002,167.4105
2024-09-23 00:30:00,11.849,14.4237,87.49,94.6867,97.9567,99.3033,99.9367,17.149,16.345,15.5857,14.9743,14.572,0.6832,115.6725,0.7683,131.9996,0.7147,128.5222,0.6372,158.2875,0.6703,153.2152
2024-09-23 01:00:00,11.846,14.218,91.6667,98.1267,99.5267,99.9833,100.0833,16.487,15.7663,15.2753,14.855,14.4503,0.5471,131.6107,0.5255,122.9451,0.5336,114.5085,0.7019,217.5516,0.7302,203.8081
2024-09-23 01:30:00,11.8313,13.921,88.2633,95.0433,98.82,99.7633,99.96,16.6633,15.868,15.114,14.47,13.7893,0.8796,102.075,0.7296,96.4768,0.62,112.7927,0.5458,130.1478,0.6218,144.8133
2024-09-23 02:00:00,11.818,13.518,89.8367,93.9133,97.2433,99.0467,99.9667,16.2723,15.7657,15.3053,14.8123,14.1367,1.0523,139.0745,0.733,125.7887,0.5743,126.3151,0.5296,137.8223,0.6059,139.3296
2024-09-23 02:30:00,11.8023,13.3307,90.4833,91.73,93.1033,94.8567,97.7633,16.127,16.0103,15.8053,15.3783,14.6713,0.9809,122.2106,0.8297,108.2806,0.7241,108.0017,0.6407,114.5646,0.6072,109.5298
2024-09-23 03:00:00,11.783,13.381,90.9267,92.0933,93.26,94.34,97.2,15.9983,15.916,15.763,15.4483,14.843,0.9214,122.9559,0.7145,109.8991,0.5943,110.2484,0.5612,122.2494,0.5884,116.6386
2024-09-23 03:30:00,11.767,13.5403,89.4433,90.6967,92.0367,93.1767,95.71,16.1393,16.0273,15.8683,15.56,15.0837,1.1059,114.2979,0.9025,100.7736,0.7868,101.036,0.7017,106.3196,0.6396,106.0565
2024-09-23 04:00:00,11.786,13.7633,88.66,89.6867,90.7667,91.7833,93.92,16.221,16.1537,16.035,15.7613,15.3753,1.1886,140.3771,0.9543,125.7206,0.8106,124.4355,0.72,131.493,0.6466,125.0907
2024-09-23 04:30:00,11.832,14.0067,88.6933,89.6367,90.2967,91.13,92.9767,16.189,16.1357,16.1143,15.8677,15.5527,0.963,146.7094,0.7701,128.4186,0.6843,125.0228,0.6185,131.5445,0.6141,125.8142
2024-09-23 05:00:00,11.825,14.1597,87.7667,88.6933,89.5933,90.5633,92.5033,16.288,16.2583,16.1673,15.906,15.5663,1.2476,133.9826,1.0118,119.6296,0.8689,118.81,0.7566,123.8537,0.6616,119.7118
2024-09-23 05:30:00,11.8063,14.254,88.1367,89.0567,90.03,91.1033,93.1067,16.2553,16.219,16.115,15.83,15.4623,1.5639,121.5801,1.3104,108.0092,1.1662,108.0002,1.0362,111.3807,0.7934,108.0964
2024-09-23 06:00:00,11.8073,14.317,88.0733,88.9667,89.8967,90.8433,92.6467,16.244,16.2303,16.1563,15.9283,15.654,1.7954,125.2103,1.5878,115.1477,1.4369,116.9133,1.2803,121.1924,0.9552,119.4027
2024-09-23 06:30:00,11.8153,14.5997,88.0267,88.7533,89.4933,90.3067,91.82,16.3537,16.3783,16.3937,16.2263,16.07,1.8637,140.1269,1.671,129.0212,1.5142,130.3725,1.3626,134.7679,1.0229,132.7972
2024-09-23 07:00:00,11.8573,14.998,87.1533,87.79,88.53,89.2933,90.78,16.6287,16.667,16.6823,16.537,16.41,2.1175,144.6864,1.8398,133.1338,1.6479,134.0815,1.4933,138.0913,1.1505,136.466
2024-09-23 07:30:00,12.056,15.4953,86.9,87.3433,87.89,88.5533,89.85,16.9267,17.0033,17.045,16.9477,16.8557,2.149,162.8203,1.9345,154.9814,1.7941,157.547,1.6322,162.5784,1.2699,161.7713
2024-09-23 08:00:00,12.4787,16.2627,85.4,85.8033,86.2133,86.81,87.9667,17.465,17.5693,17.6593,17.599,17.585,2.0327,176.7707,1.8396,167.4024,1.6974,170.4288,1.5608,175.8022,1.2215,173.6259
2024-09-23 08:30:00,12.6113,17.2917,82.9567,83.3367,83.6633,84.2467,85.3533,17.8197,17.9233,18.0377,17.9837,18.0073,2.8422,192.1811,2.5053,183.6749,2.31,186.385,2.109,191.5797,1.6728,190.4756
2024-09-23 09:00:00,12.695,18.2177,81.83,82.3767,82.8233,83.42,84.5233,17.8993,17.9957,18.077,18.0257,18.0213,4.0317,205.6962,3.5522,198.7569,3.207,203.5159,2.9352,207.57,2.374,207.1431
2024-09-23 09:30:00,13.1457,19.3867,78.223,78.7233,79.2577,79.9893,81.0343,18.369,18.5163,18.6677,18.657,18.822,3.7784,200.1198,3.3594,193.1991,3.0245,195.2348,2.793,199.8089,2.2631,198.964
2024-09-23 10:00:00,13.0097,20.58,74.8707,75.501,76.283,77.2007,78.4173,18.6413,18.7557,18.8703,18.8333,18.9433,3.7218,220.1875,3.3209,212.6856,3.0138,218.0428,2.7455,223.3116,2.2407,220.9536
2024-09-23 10:30:00,13.4697,21.767,70.1477,70.6563,71.3223,72.307,73.3777,19.304,19.4717,19.6917,19.7557,20.0923,3.7009,215.7896,3.3011,209.0799,3.0051,212.4882,2.7714,218.0508,2.3407,217.9444
2024-09-23 11:00:00,13.4948,23.0924,68.9405,69.5552,70.3152,71.2124,72.3652,19.459,19.641,19.8652,19.9395,20.2486,3.9611,217.5376,3.5249,211.2246,3.2216,214.1986,2.9381,221.4316,2.4534,221.6921
