Time(UTC),uu,uv,uw,uTs,uTc1,uH2O,vv,vw,vTs,vTc1,vH2O,ww,wTs,wTc1,wH2O,TsTs,Tc1Tc1,H2OH2O,u,v,w,Ts,Tc1,H2O,Uyp,WDy,WDyWDy,wgwg,wguy,wgTc2,uywg,uyTc2,Tc2Tc2,wg,Uy,Tc2,wdir_Y
2025-09-18 14:00:00,1.2978,0.1312,-0.1158,-0.0252,-0.0256,-0.000156,1.2032,-0.011,-0.0088,-0.0028,-1.6e-05,0.2222,0.0048,0.0104,4.6e-05,0.00679,0.00709,0.0,3.9132,0.1854,-0.0016,26.592,20.184,0.030504,0.0,0.0,0.0,,,,0.0,,,,0.0,,
2025-09-18 14:30:00,1.359,-0.067833,-0.108833,0.019167,0.019833,-0.000166,0.875667,0.005167,-0.004833,-0.003167,3.4e-05,0.1995,-0.0095,0.0,3.8e-05,0.006861,0.004947,0.0,3.569667,-0.1685,0.004167,26.516667,20.091667,0.030303,0.0,0.0,0.0,,,,0.0,,,,0.0,,
2025-09-18 15:00:00,1.219167,0.161,-0.073667,0.027,0.0265,-0.000108,1.370333,0.029667,-0.0095,-0.004,2e-05,0.204333,-0.0135,-0.003333,3.1e-05,0.010302,0.006453,0.0,3.571833,-0.197,-0.017667,26.51,20.081667,0.030135,0.0,0.0,0.0,,,,0.0,,,,0.0,,
2025-09-18 15:30:00,1.026,-0.0375,-0.0855,0.029167,0.0275,-9e-05,1.064,0.018167,-0.010333,-0.007167,3.2e-05,0.195667,-0.016333,-0.004833,2.7e-05,0.012769,0.007744,0.0,3.0425,-0.755833,0.006667,26.506667,20.075,0.029917,0.0,0.0,0.0,,,,0.0,,,,0.0,,
2025-09-18 16:00:00,0.704167,-0.0365,-0.0395,0.029,0.0285,-6.7e-05,0.624667,0.026167,-0.018333,-0.011833,3.2e-05,0.123,-0.0135,-0.0055,2.1e-05,0.013148,0.008742,0.0,2.619,-0.608333,-0.018167,26.491667,20.055,0.029887,0.0,0.0,0.0,,,,0.0,,,,0.0,,
2025-09-18 16:30:00,0.821333,0.0905,-0.0545,0.029667,0.027833,-6.2e-05,0.7565,0.021833,-0.018167,-0.011667,2.5e-05,0.1235,-0.0145,-0.006333,1.9e-05,0.01517,0.010268,0.0,2.733167,-0.554833,-0.007667,26.496667,20.05,0.029848,0.0,0.0,0.0,,,,0.0,,,,0.0,,
2025-09-18 17:00:00,0.6505,-0.0025,-0.045667,0.038333,0.0365,-5.1e-05,0.569833,0.02,-0.009667,-0.003667,8e-06,0.122333,-0.018,-0.008333,1.6e-05,0.019321,0.01199,0.0,2.524667,-0.771167,-0.014833,26.391667,19.926667,0.029832,0.0,0.0,0.0,,,,0.0,,,,0.0,,
2025-09-18 17:30:00,0.679667,0.004667,-0.041833,0.045833,0.045,-4.8e-05,0.586667,0.024167,-0.0155,-0.011667,1.2e-05,0.096,-0.0165,-0.008667,1.2e-05,0.020544,0.012844,0.0,2.4215,-0.720667,-0.033,26.298333,19.818333,0.029923,0.0,0.0,0.0,,,,0.0,,,,0.0,,
2025-09-18 18:00:00,0.373833,-0.064833,-0.031833,0.040167,0.038833,-3.4e-05,0.308333,0.0095,-0.019833,-0.018667,1.6e-05,0.077,-0.0165,-0.009333,1.1e-05,0.023613,0.015583,0.0,2.0955,-0.549833,-0.026667,26.128333,19.63,0.029973,0.0,0.0,0.0,,,,0.0,,,,0.0,,
2025-09-18 18:30:00,0.581833,-0.028167,-0.048667,0.046833,0.0495,-5.1e-05,0.4745,0.019167,-0.0145,-0.0145,1.6e-05,0.091167,-0.016167,-0.009667,1.1e-05,0.019834,0.013533,0.0,2.324667,-0.562167,-0.0285,25.973333,19.471667,0.030053,0.0,0.0,0.0,,,,0.0,,,,0.0,,
2025-09-18 19:00:00,1.159667,-0.129833,-0.102167,0.038667,0.043,-6.6e-05,1.0635,0.0585,-0.014333,-0.020333,2.8e-05,0.2195,-0.018667,-0.009833,1.6e-05,0.01575,0.008805,0.0,3.404333,-1.3755,-0.030333,25.708333,19.25,0.029643,0.0,0.0,0.0,,,,0.0,,,,0.0,,
2025-09-18 19:30:00,0.886,0.020833,-0.0605,0.043,0.045167,-5.4e-05,0.7635,0.03,-0.000333,-0.007,1.2e-05,0.154833,-0.016,-0.008833,1.3e-05,0.015667,0.009312,0.0,2.927333,-1.232167,-0.0065,25.396667,18.968333,0.029152,0.0,0.0,0.0,,,,0.0,,,,0.0,,
2025-09-18 20:00:00,0.652833,-0.105167,-0.060333,0.038833,0.039667,-4e-05,0.656333,0.029667,-0.0075,-0.017833,2e-05,0.112333,-0.013333,-0.009,1.2e-05,0.016427,0.010336,0.0,2.464,-0.965833,-0.017,25.2,18.78,0.028995,0.0,0.0,0.0,,,,0.0,,,,0.0,,
2025-09-18 20:30:00,0.622167,-0.069833,-0.052667,0.038,0.037167,-3.7e-05,0.490333,0.017667,0.001,-0.0065,9e-06,0.098833,-0.0125,-0.0075,1e-05,0.017161,0.010851,0.0,2.404833,-0.753833,-0.015,25.146667,18.735,0.028883,0.0,0.0,0.0,,,,0.0,,,,0.0,,
2025-09-18 21:00:00,0.425,-0.056667,-0.038,0.035,0.032333,-3.1e-05,0.376167,0.022667,-0.005,-0.01,1e-05,0.081833,-0.011833,-0.007333,9e-06,0.019044,0.012731,0.0,2.154333,-0.769167,-0.005,25.096667,18.685,0.0288,0.0,0.0,0.0,,,,0.0,,,,0.0,,
2025-09-18 21:30:00,0.429167,-0.025167,-0.041,0.042167,0.039667,-3e-05,0.4155,0.011667,-0.005,-0.009667,1e-05,0.077,-0.0105,-0.006333,7e-06,0.019553,0.013148,0.0,2.072333,-0.524333,-0.02,24.991667,18.565,0.028957,0.0,0.0,0.0,,,,0.0,,,,0.0,,
2025-09-18 22:00:00,0.243667,0.032333,-0.017,0.030333,0.023333,-9e-06,0.199833,0.0,0.001,-0.003,2e-06,0.0455,-0.0115,-0.006,4e-06,0.033367,0.019182,0.0,1.581,-0.279167,-0.015,24.685,18.238333,0.02915,0.0,0.0,0.0,,,,0.0,,,,0.0,,
2025-09-18 22:30:00,0.391833,-0.024833,-0.037833,0.039833,0.032333,-2.9e-05,0.353333,0.007167,0.001833,-0.003833,3e-06,0.065167,-0.011667,-0.006167,8e-06,0.01827,0.009571,0.0,2.005,-0.022333,-0.015667,24.783333,18.306667,0.029407,0.0,0.0,0.0,,,,0.0,,,,0.0,,
2025-09-18 23:00:00,0.5645,-0.008667,-0.034333,0.0355,0.033,-4.5e-05,0.535167,-0.007833,0.003333,0.000667,8e-06,0.0845,-0.011667,-0.0055,8e-06,0.017468,0.009867,0.0,2.591,-0.1055,-0.0195,24.808333,18.375,0.028923,0.0,0.0,0.0,,,,0.0,,,,0.0,,
2025-09-18 23:30:00,0.434833,-0.035,-0.034167,0.041667,0.037333,-3.2e-05,0.378333,0.008333,-0.006667,-0.009,9e-06,0.079,-0.012333,-0.0075,8e-06,0.02245,0.013885,0.0,2.198,-0.383667,-0.011167,24.605,18.196667,0.028622,0.0,0.0,0.0,,,,0.0,,,,0.0,,
2025-09-19 00:00:00,0.388333,-0.048333,-0.0285,0.0805,0.073333,-1.3e-05,0.301833,0.0155,-0.0255,-0.023667,6e-06,0.069667,-0.020833,-0.0125,3e-06,0.085069,0.053207,0.0,2.005,-0.148833,-0.007333,23.97,17.565,0.028378,0.0,0.0,0.0,,,,0.0,,,,0.0,,
2025-09-19 00:30:00,0.174833,0.012333,-0.0175,0.064,0.0525,4e-06,0.149833,-0.001333,0.011667,0.010833,1e-06,0.040833,-0.020333,-0.012833,-3e-06,0.12215,0.068906,0.0,1.3365,0.023667,-0.0035,23.161667,16.778333,0.028018,0.0,0.0,0.0,,,,0.0,,,,0.0,,
2025-09-19 01:00:00,0.187,0.029333,-0.014833,0.0655,0.059333,5e-06,0.137167,0.000833,0.023333,0.0215,2e-06,0.038167,-0.019,-0.010333,-3e-06,0.120756,0.069344,0.0,1.414,0.1275,-0.0185,22.66,16.293333,0.027698,0.0,0.0,0.0,,,,0.0,,,,0.0,,
2025-09-19 01:30:00,0.246167,0.0435,-0.014,0.079667,0.077,8e-06,0.177,0.001167,0.030833,0.028333,4e-06,0.040833,-0.017833,-0.0105,-2e-06,0.1225,0.07636,0.0,1.406833,0.172167,-0.0085,22.488333,16.141667,0.027458,0.0,0.0,0.0,,,,0.0,,,,0.0,,
2025-09-19 02:00:00,0.201167,0.027833,-0.014667,0.062,0.061167,6e-06,0.134167,-0.004167,0.015833,0.016333,1e-06,0.037833,-0.016333,-0.009333,-3e-06,0.10934,0.067427,0.0,1.164833,0.049833,-0.007667,22.201667,15.858333,0.027163,0.0,0.0,0.0,,,,0.0,,,,0.0,,
2025-09-19 02:30:00,0.143667,0.0165,-0.013,0.0475,0.042667,7e-06,0.115333,-0.004333,0.003,0.004667,0.0,0.033667,-0.0175,-0.009667,-4e-06,0.125198,0.074711,0.0,1.072833,-0.106667,-0.003,21.883333,15.56,0.02689,0.0,0.0,0.0,,,,0.0,,,,0.0,,
2025-09-19 03:00:00,0.172667,0.023333,-0.012333,0.039,0.039,5e-06,0.144,-0.0045,0.025333,0.024333,5e-06,0.032,-0.017167,-0.011,-4e-06,0.1156,0.071645,0.0,0.994833,0.0375,-0.0015,21.743333,15.43,0.026727,0.0,0.0,0.0,,,,0.0,,,,0.0,,
2025-09-19 03:30:00,0.126167,0.008,-0.010667,0.031667,0.030333,5e-06,0.122667,-0.007167,0.0265,0.022333,6e-06,0.035667,-0.016833,-0.011,-3e-06,0.11742,0.073984,0.0,0.944333,0.0765,-0.010833,21.66,15.338333,0.026723,0.0,0.0,0.0,,,,0.0,,,,0.0,,
2025-09-19 04:00:00,0.101,-0.0055,-0.009333,0.016833,0.024833,0.0,0.0905,-0.003167,0.0315,0.023667,1.1e-05,0.021667,-0.0095,-0.005167,-3e-06,0.144147,0.090902,0.0,0.325833,0.381333,0.012167,21.378333,14.995,0.026653,0.0,0.0,0.0,,,,0.0,,,,0.0,,
2025-09-19 04:30:00,0.048,0.016,-0.0045,-0.009667,-0.006667,-9e-06,0.071167,0.000667,0.0455,0.0385,1.4e-05,0.01,-0.0065,-0.0015,-1e-06,0.23571,0.133103,0.0,-0.1255,0.644333,0.014833,20.411667,14.006667,0.026337,0.0,0.0,0.0,,,,0.0,,,,0.0,,
2025-09-19 05:00:00,0.089,0.025167,-0.006,-0.001,-0.0005,-2e-06,0.049833,-0.002,0.008167,0.005167,-1e-06,0.010167,-0.0045,-0.001167,-2e-06,0.12924,0.05609,0.0,-0.3505,0.779333,0.010333,20.22,13.836667,0.025977,0.0,0.0,0.0,,,,0.0,,,,0.0,,
2025-09-19 05:30:00,0.0515,0.0115,-0.0055,0.007,0.004,2e-06,0.050167,-0.002833,0.004833,0.001333,2e-06,0.014667,-0.004333,-0.002,-1e-06,0.035469,0.017205,0.0,-0.126333,0.762667,-0.007833,20.191667,13.765,0.026087,0.0,0.0,0.0,,,,0.0,,,,0.0,,
2025-09-19 06:00:00,0.065,0.018167,-0.0055,0.014167,0.008,5e-06,0.06,-0.003333,0.004333,-0.000667,2e-06,0.0125,-0.004833,-0.001833,-2e-06,0.033185,0.014843,0.0,-0.190333,0.652833,-0.004167,20.105,13.758333,0.025837,0.0,0.0,0.0,,,,0.0,,,,0.0,,
2025-09-19 06:30:00,0.089,0.005,-0.007333,0.011333,-0.005,-1e-06,0.1025,-0.003,0.002667,-0.007167,2e-06,0.023333,-0.006,-0.004333,-1e-06,0.026951,0.016002,0.0,0.148667,0.688667,-0.005167,20.483333,14.506667,0.02665,0.0,0.0,0.0,,,,0.0,,,,0.0,,
2025-09-19 07:00:00,0.119833,-0.011333,-0.002833,0.002,-0.011,-4e-06,0.191333,-0.0155,-0.002833,0.001333,-2e-06,0.034333,0.0015,0.003833,6e-06,0.004807,0.009669,0.0,0.282667,0.808167,-0.010167,21.338333,15.25,0.027408,0.0,0.0,0.0,,,,0.0,,,,0.0,,
2025-09-19 07:30:00,0.142667,0.019833,-0.012833,-0.003333,-0.016333,-1.6e-05,0.288833,-0.015,-0.012667,-0.020167,-2.3e-05,0.044667,0.004667,0.008333,1.2e-05,0.005903,0.012544,0.0,0.465167,1.184833,-0.001333,21.973333,15.751667,0.027867,0.0,0.0,0.0,,,,0.0,,,,0.0,,
2025-09-19 08:00:00,0.186333,-0.051667,-0.019333,-0.009667,-0.028333,-2.7e-05,0.342167,-0.028667,-0.019833,-0.019667,-3.2e-05,0.051333,0.011833,0.016,2.4e-05,0.018952,0.032041,0.0,0.546833,1.386833,0.005667,22.645,16.485,0.028318,0.0,0.0,0.0,,,,0.0,,,,0.0,,
2025-09-19 08:30:00,0.2865,0.025667,-0.025,-0.029,-0.071,-5.5e-05,0.325667,-0.029667,-0.031333,-0.060833,-5e-05,0.0605,0.017333,0.0205,3.3e-05,0.039138,0.071556,0.0,0.6285,1.9855,0.003833,23.425,17.336667,0.028563,0.0,0.0,0.0,,,,0.0,,,,0.0,,
2025-09-19 09:00:00,0.337167,-0.030167,-0.024333,-0.026,-0.061333,-5.6e-05,0.474167,-0.0415,-0.068667,-0.0745,-0.0001,0.088167,0.033,0.034,4.7e-05,0.077006,0.090802,0.0,0.893333,2.0855,-0.006667,24.576667,18.645,0.029017,0.0,0.0,0.0,,,,0.0,,,,0.0,,
2025-09-19 09:30:00,0.591833,-0.093333,-0.037333,-0.071167,-0.117833,-0.000122,0.923167,-0.052,-0.078167,-0.108333,-0.000118,0.109667,0.047833,0.048667,7.7e-05,0.108241,0.122034,0.0,1.2545,1.707333,-0.002167,25.776667,19.876667,0.028957,0.0,0.0,0.0,,,,0.0,,,,0.0,,
2025-09-19 10:00:00,0.569,-0.142167,-0.035667,-0.035,-0.088333,-7.5e-05,0.861667,-0.0455,-0.0965,-0.099667,-0.000151,0.1175,0.0485,0.048667,8.4e-05,0.127568,0.120988,0.0,1.1995,1.842667,0.001,26.671667,20.766667,0.028958,0.0,0.0,0.0,,,,0.0,,,,0.0,,
2025-09-19 10:30:00,0.736167,-0.051333,-0.047667,-0.039833,-0.125667,-9e-05,1.002333,-0.0905,-0.143833,-0.106167,-0.000208,0.15,0.06,0.051,0.000104,0.124844,0.120525,0.0,1.0365,2.502833,-0.001333,27.168333,21.248333,0.029087,0.0,0.0,0.0,,,,0.0,,,,0.0,,
2025-09-19 11:00:00,0.953333,-0.164333,-0.048,-0.001167,-0.1185,-3.9e-05,1.022,-0.0835,-0.136,-0.086333,-0.000206,0.1585,0.051667,0.033167,8.9e-05,0.131769,0.144527,0.0,1.042333,2.614167,0.0185,27.683333,21.996667,0.029095,0.0,0.0,0.0,,,,0.0,,,,0.0,,
2025-09-19 11:30:00,0.978,-0.197,-0.038167,-0.031333,-0.144,-9.4e-05,0.905167,-0.0755,-0.121667,-0.0955,-0.000201,0.1615,0.054667,0.0315,9.7e-05,0.124256,0.168373,0.0,0.6185,2.989333,0.023167,28.173333,22.485,0.029407,0.0,0.0,0.0,,,,0.0,,,,0.0,,
2025-09-19 12:00:00,0.860333,-0.199667,-0.023667,-0.019667,-0.130167,-8.1e-05,1.258667,-0.088667,-0.163333,-0.094333,-0.000308,0.162333,0.048833,0.034,0.0001,0.097448,0.112113,1e-06,0.970667,2.827333,0.015667,28.585,22.831667,0.029705,0.0,0.0,0.0,,,,0.0,,,,0.0,,
2025-09-19 12:30:00,0.810833,-0.049667,-0.037833,-0.039833,-0.1155,-0.000116,1.0085,-0.085333,-0.077667,-0.055333,-0.000195,0.153667,0.039333,0.025833,9e-05,0.05313,0.07812,0.0,1.109333,2.936667,-0.015167,28.896667,23.111667,0.02971,0.0,0.0,0.0,,,,0.0,,,,0.0,,
2025-09-19 13:00:00,1.156,-0.2495,-0.048833,-0.045167,-0.157,-0.000125,1.230833,-0.078167,-0.084667,-0.079833,-0.000204,0.177833,0.037833,0.031167,9.6e-05,0.064093,0.095069,0.0,1.189,2.822667,-0.002,29.475,23.878333,0.02984,0.0,0.0,0.0,,,,0.0,,,,0.0,,
2025-09-19 13:30:00,0.893167,-0.088,-0.047833,-0.049667,-0.200333,-0.000143,0.992333,-0.0845,-0.062667,-0.058833,-0.000134,0.165,0.037,0.032833,0.000103,0.054367,0.13653,0.0,0.952833,2.862833,-0.011833,29.838333,24.388333,0.029608,0.0,0.0,0.0,,,,0.0,,,,0.0,,
2025-09-19 14:00:00,0.684167,-0.038667,-0.024167,-0.008,-0.133,-0.000137,0.700667,-0.046833,-0.050667,-0.032333,-0.00022,0.113333,0.0175,0.010167,9e-05,0.029412,0.108131,1e-06,0.824167,2.318833,0.019,30.351667,24.91,0.029455,0.0,0.0,0.0,,,,0.0,,,,0.0,,
2025-09-19 14:30:00,0.909,-0.166,-0.047667,0.0035,-0.077167,-0.000151,0.930333,-0.0585,-0.0265,-0.038167,-0.000142,0.151333,0.003833,0.007333,9.1e-05,0.012581,0.041209,0.0,1.4195,1.986833,-0.003667,30.581667,25.166667,0.027903,0.0,0.0,0.0,,,,0.0,,,,0.0,,
2025-09-19 15:00:00,0.405667,-0.076833,-0.028167,0.009833,-0.043,-7.9e-05,0.4915,-0.035,-0.016,-0.036333,-0.000131,0.0855,-0.002333,0.003,6.8e-05,0.010747,0.044803,1e-06,0.963,1.689167,-0.000167,30.546667,25.141667,0.028157,0.0,0.0,0.0,,,,0.0,,,,0.0,,
2025-09-19 15:30:00,0.388667,-0.044667,-0.016167,0.012667,-0.088667,-8.2e-05,0.334,-0.022167,-0.004667,-0.003667,-7.2e-05,0.0685,-0.004833,-0.003667,5.8e-05,0.00813,0.097032,0.0,0.743167,1.6685,-0.006167,30.73,25.458333,0.028517,0.0,0.0,0.0,,,,0.0,,,,0.0,,
2025-09-19 16:00:00,0.185833,-0.012,-0.012333,-0.001833,0.017333,-6e-06,0.225167,-0.0185,0.015833,0.033667,-0.000104,0.043167,-0.009,-0.040833,4.2e-05,0.01596,0.34594,0.0,-0.2795,1.772667,0.0175,30.701667,25.886667,0.028997,0.0,0.0,0.0,,,,0.0,,,,0.0,,
2025-09-19 16:30:00,0.099833,0.001833,-0.000667,-0.006333,-0.006333,1.3e-05,0.138167,-0.007,0.025833,0.023,-7.1e-05,0.024167,-0.008333,-0.0275,2.4e-05,0.044451,0.258403,0.0,-0.131,1.203167,0.01,30.435,25.478333,0.029447,0.0,0.0,0.0,,,,0.0,,,,0.0,,
2025-09-19 17:00:00,0.048167,0.0005,-0.0005,-0.0235,-0.014333,4.3e-05,0.081833,-0.004333,0.034833,0.041667,-6.8e-05,0.0095,-0.007167,-0.013833,8e-06,0.12122,0.273355,0.0,-0.205667,0.981333,0.0085,30.033333,24.643333,0.029858,0.0,0.0,0.0,,,,0.0,,,,0.0,,
2025-09-19 17:30:00,0.0315,0.004167,0.001667,-0.060167,-0.054333,3.5e-05,0.044,0.0005,-0.015833,-0.021667,1.4e-05,0.005,-0.0045,-0.0025,2e-06,0.388337,0.351649,0.0,-0.578333,0.705833,0.0235,29.001667,22.903333,0.030255,0.0,0.0,0.0,,,,0.0,,,,0.0,,
2025-09-19 18:00:00,0.033833,0.001333,-0.000833,-0.081167,-0.076167,1.6e-05,0.0375,0.0015,0.004,0.0065,1.3e-05,0.003167,0.001,0.005833,0.0,0.443556,0.352044,0.0,-0.200333,0.9765,0.027,26.635,20.021667,0.031053,0.0,0.0,0.0,,,,0.0,,,,0.0,,
2025-09-19 18:30:00,0.059167,0.002167,-0.000333,-0.129,-0.096167,1.2e-05,0.026833,0.000833,0.032,0.025167,1.8e-05,0.0035,0.003667,0.009167,0.0,0.610221,0.394175,0.0,-0.098,0.613,0.014167,25.19,18.565,0.030313,0.0,0.0,0.0,,,,0.0,,,,0.0,,
2025-09-19 19:00:00,0.056833,-0.003333,-0.000333,-0.1365,-0.12,2.4e-05,0.047167,-0.000333,0.021333,0.019667,1.2e-05,0.007,-0.0025,0.005,-0.0,0.673767,0.508607,0.0,-0.502167,1.0415,0.0375,26.103333,19.493333,0.029758,0.0,0.0,0.0,,,,0.0,,,,0.0,,
2025-09-19 19:30:00,0.043667,-0.004333,-0.001,-0.094667,-0.075333,3.5e-05,0.028333,-0.001,0.016,0.009,-1.8e-05,0.005333,0.000333,0.007167,-0.0,0.42728,0.289085,0.0,-0.008667,0.605,0.007333,25.325,18.685,0.029387,0.0,0.0,0.0,,,,0.0,,,,0.0,,
2025-09-19 20:00:00,0.0455,-0.006333,-0.001,-0.049167,-0.042833,1.8e-05,0.045167,-0.001333,0.033333,0.028167,-1.1e-05,0.0095,-0.005833,0.0045,-0.0,0.466717,0.32452,0.0,-0.146,0.901333,0.0005,25.43,18.756667,0.028543,0.0,0.0,0.0,,,,0.0,,,,0.0,,
2025-09-19 20:30:00,0.0385,0.001167,-0.001167,-0.070333,-0.0575,0.0,0.033833,-0.000833,0.037333,0.0285,4e-06,0.007333,-0.0035,0.005667,0.0,0.583441,0.424887,0.0,-0.123667,0.760333,0.0045,24.836667,18.178333,0.028393,0.0,0.0,0.0,,,,0.0,,,,0.0,,
2025-09-19 21:00:00,0.054833,0.007833,0.0,-0.031,-0.025833,-2e-06,0.037833,-0.000667,-0.000333,-0.004,1e-06,0.011667,-0.011,0.002,0.0,0.520562,0.339306,0.0,-0.117167,0.634333,-0.000167,24.65,18.026667,0.028185,0.0,0.0,0.0,,,,0.0,,,,0.0,,
2025-09-19 21:30:00,0.066,0.003833,-0.001333,-0.082667,-0.081333,-8e-06,0.055167,-0.002167,0.022,0.012833,-1e-06,0.0145,-0.0145,-0.0035,-1e-06,0.56175,0.399003,0.0,-0.484333,0.913667,0.012333,24.703333,18.206667,0.027968,0.0,0.0,0.0,,,,0.0,,,,0.0,,
2025-09-19 22:00:00,0.055667,0.016333,0.000833,-0.086167,-0.080167,2e-06,0.046833,0.000333,-0.023333,-0.024333,-3e-06,0.009333,-0.0095,-0.0005,0.0,0.501736,0.373117,0.0,-0.4145,0.862667,0.005333,24.15,17.648333,0.027865,0.0,0.0,0.0,,,,0.0,,,,0.0,,
2025-09-19 22:30:00,0.033333,0.000333,-0.000667,-0.0265,-0.0305,8e-06,0.024667,-0.001333,-0.008833,-0.0065,2e-06,0.006333,-0.003667,0.002667,0.0,0.161068,0.094044,0.0,-0.1765,0.784833,-0.008,23.636667,16.986667,0.02773,0.0,0.0,0.0,,,,0.0,,,,0.0,,
2025-09-19 23:00:00,0.0355,0.009333,-0.0025,-0.016167,-0.018833,2e-06,0.033167,-0.002833,0.002,-0.002667,1e-06,0.009333,-0.003833,0.002167,-1e-06,0.105733,0.080561,0.0,-0.169833,0.758833,-0.007667,23.74,17.2,0.027378,0.0,0.0,0.0,,,,0.0,,,,0.0,,
2025-09-19 23:30:00,0.045167,0.007167,-0.003167,-0.008167,-0.014167,-0.0,0.051,-0.0005,0.009333,0.003,-2e-06,0.013167,-0.006667,0.000167,-0.0,0.101761,0.069169,0.0,-0.382,0.762167,-0.002667,23.611667,17.146667,0.027217,0.0,0.0,0.0,,,,0.0,,,,0.0,,
2025-09-20 00:00:00,0.061167,0.001833,-0.0015,-0.022833,-0.030667,-3e-06,0.052667,0.001167,0.010167,0.004167,-2e-06,0.011,-0.006667,-0.001667,-0.0,0.162543,0.123552,0.0,-0.317833,0.733,0.002167,23.298333,16.848333,0.026982,0.0,0.0,0.0,,,,0.0,,,,0.0,,
2025-09-20 00:30:00,0.048833,0.0025,-0.002667,-0.013167,-0.011167,2e-06,0.035333,-0.002333,-0.007333,-0.006,-0.0,0.009,-0.005,-0.001,0.0,0.07299,0.0507,0.0,-0.094333,0.7225,-0.016,22.99,16.508333,0.026903,0.0,0.0,0.0,,,,0.0,,,,0.0,,
2025-09-20 01:00:00,0.048167,0.014167,-0.001667,-0.007833,-0.005167,0.0,0.051333,-0.001833,0.0015,0.002167,-2e-06,0.012333,-0.005,-0.001,-0.0,0.05913,0.044662,0.0,-0.082,0.6765,-0.008333,22.995,16.573333,0.026848,0.0,0.0,0.0,,,,0.0,,,,0.0,,
2025-09-20 01:30:00,0.0415,-0.0,-0.002167,-0.002667,0.009167,1e-06,0.052333,-0.0035,-0.002833,-0.0055,0.0,0.009167,-0.003333,-0.000833,0.0,0.0504,0.037249,0.0,0.048833,0.802,-0.007333,22.716667,16.285,0.026865,0.0,0.0,0.0,,,,0.0,,,,0.0,,
2025-09-20 02:00:00,0.220333,-0.193,-0.008833,0.011833,0.006833,1e-06,0.269,0.006167,-0.029833,-0.026333,-6e-06,0.010167,-0.0055,-0.001667,-0.0,0.165242,0.111333,0.0,-0.159333,0.462,0.015333,22.346667,15.993333,0.026795,0.0,0.0,0.0,,,,0.0,,,,0.0,,
2025-09-20 02:30:00,0.176333,-0.120167,-0.005333,-0.023,-0.0345,-1e-05,0.155833,0.003833,0.041,0.0435,1.1e-05,0.011,-0.006167,-0.001333,0.0,0.194334,0.128881,0.0,-0.2935,0.7705,0.0055,21.943333,15.593333,0.026725,0.0,0.0,0.0,,,,0.0,,,,0.0,,
2025-09-20 03:00:00,0.056,-0.022167,-0.004833,0.0025,0.001333,-2e-06,0.087333,-0.002833,0.018333,0.013833,0.0,0.013,-0.005667,-0.002,1e-06,0.062084,0.038481,0.0,-0.003833,0.787667,0.002167,21.976667,15.641667,0.026807,0.0,0.0,0.0,,,,0.0,,,,0.0,,
2025-09-20 03:30:00,0.1025,-0.013167,0.001333,-0.016333,-0.019333,3e-06,0.083333,-0.0045,0.019333,0.016,-6e-06,0.014,-0.005,-0.001833,1e-06,0.046512,0.030218,0.0,-0.399,0.809333,0.003833,22.303333,15.96,0.026942,0.0,0.0,0.0,,,,0.0,,,,0.0,,
2025-09-20 04:00:00,0.131833,0.0255,-0.008167,0.0045,0.0035,-6e-06,0.1575,-0.010167,0.019,0.0165,-1.1e-05,0.024167,-0.0065,-0.002667,3e-06,0.043264,0.025653,0.0,0.2225,0.982833,0.002167,22.35,16.036667,0.027138,0.0,0.0,0.0,,,,0.0,,,,0.0,,
2025-09-20 04:30:00,0.062167,-0.007167,-0.002333,0.008333,0.008167,-4e-06,0.1165,-0.003333,-0.003,-0.008,0.0,0.0155,-0.0045,-0.001667,2e-06,0.032942,0.01703,0.0,-0.257667,0.796667,-0.004,22.598333,16.246667,0.027412,0.0,0.0,0.0,,,,0.0,,,,0.0,,
2025-09-20 05:00:00,0.114,-0.008,0.001833,-0.037833,-0.033333,7e-06,0.131833,-0.002333,0.019333,0.017167,-3e-06,0.0185,-0.006167,-0.002667,1e-06,0.085167,0.055853,0.0,-0.867,0.758667,0.022333,22.768333,16.388333,0.027532,0.0,0.0,0.0,,,,0.0,,,,0.0,,
2025-09-20 05:30:00,0.170667,-0.023667,-0.010333,-0.0055,-0.0025,1e-06,0.214333,-0.0025,0.016833,0.011833,-6e-06,0.045333,-0.011333,-0.0045,4e-06,0.056803,0.03246,0.0,-0.141833,1.217167,0.0205,22.78,16.406667,0.027593,0.0,0.0,0.0,,,,0.0,,,,0.0,,
2025-09-20 06:00:00,0.141167,0.002833,-0.0035,0.0045,0.0045,-3e-06,0.187333,-0.014333,0.005,0.0015,-5e-06,0.033333,-0.007833,-0.002667,4e-06,0.03264,0.017733,0.0,-0.055,1.031,-0.000833,22.786667,16.426667,0.027707,0.0,0.0,0.0,,,,0.0,,,,0.0,,
2025-09-20 06:30:00,0.149667,0.052667,-0.001333,-0.004167,-0.000667,1e-06,0.204833,-0.000833,-0.001333,-0.0005,-5e-06,0.028833,-0.0065,-0.003167,5e-06,0.017468,0.009801,0.0,0.057833,0.566333,0.005333,22.845,16.506667,0.027872,0.0,0.0,0.0,,,,0.0,,,,0.0,,
2025-09-20 07:00:00,0.0905,0.007333,-0.007833,0.0045,-0.0025,-7e-06,0.111167,-0.010167,0.010833,0.007833,-1.3e-05,0.025167,-0.0045,-0.001333,7e-06,0.011271,0.007951,0.0,0.0795,1.050833,-0.008333,23.085,16.81,0.02822,0.0,0.0,0.0,,,,0.0,,,,0.0,,
2025-09-20 07:30:00,0.1155,0.0305,-0.006333,-0.0005,-0.008167,-2e-06,0.218333,-0.012667,0.007333,0.003667,-1.9e-05,0.034667,-0.004667,-0.000333,1e-05,0.010134,0.00813,0.0,0.011167,1.374667,-0.0065,23.693333,17.445,0.028585,0.0,0.0,0.0,,,,0.0,,,,0.0,,
2025-09-20 08:00:00,0.164333,0.03,-0.015167,0.006833,-0.018667,-2.4e-05,0.2085,-0.009333,0.003667,-0.0065,-3.7e-05,0.036667,-0.002833,0.002,1.7e-05,0.00816,0.015459,0.0,0.323,1.277833,-0.003667,24.538333,18.26,0.029088,0.0,0.0,0.0,,,,0.0,,,,0.0,,
2025-09-20 08:30:00,0.2005,0.015833,-0.006667,-0.0015,-0.028333,-1.9e-05,0.1695,-0.007833,-0.014,-0.026833,-1.3e-05,0.04,0.001167,0.005167,2.6e-05,0.01152,0.028957,0.0,0.5525,0.703,-0.002167,25.635,19.423333,0.029442,0.0,0.0,0.0,,,,0.0,,,,0.0,,
2025-09-20 09:00:00,0.144667,-0.011833,-0.003167,0.001333,-0.023333,-3.7e-05,0.176167,-0.012,0.000333,-0.002833,-6.8e-05,0.0345,0.003833,0.002833,3.3e-05,0.013845,0.043056,0.0,0.367667,0.584,-0.013833,26.965,20.838333,0.030115,0.0,0.0,0.0,,,,0.0,,,,0.0,,
2025-09-20 09:30:00,0.397667,-0.061333,-0.024667,-0.021667,-0.079,-7.7e-05,0.383833,-0.024333,-0.020333,-0.035167,-3.6e-05,0.091833,0.0235,0.029333,8.2e-05,0.053824,0.0897,0.0,0.984833,0.9585,0.002833,28.458333,22.386667,0.030705,0.0,0.0,0.0,,,,0.0,,,,0.0,,
2025-09-20 10:00:00,0.465,-0.019333,-0.048833,-0.010833,-0.023833,-8.4e-05,0.6485,-0.0185,-0.017667,-0.026667,-0.00014,0.107167,0.010167,0.011333,6.4e-05,0.013767,0.01809,0.0,1.590833,0.95,-0.018833,28.873333,22.7,0.030273,0.0,0.0,0.0,,,,0.0,,,,0.0,,
2025-09-20 10:30:00,0.586167,-0.060333,-0.027,0.003667,-0.011333,-0.000127,0.540667,-0.018,-0.000333,-0.0035,-5.1e-05,0.0975,-0.002333,-0.0005,5.8e-05,0.008311,0.01054,0.0,2.012667,0.518833,-0.0115,29.316667,23.001667,0.03072,0.0,0.0,0.0,,,,0.0,,,,0.0,,
2025-09-20 11:00:00,0.849167,0.0505,-0.059167,0.041667,0.040167,-0.000177,0.509,0.0025,0.001,0.005,-1.6e-05,0.102,-0.0155,-0.011667,4.9e-05,0.021756,0.0225,0.0,2.5905,-0.100667,-0.006167,29.273333,22.905,0.03071,0.0,0.0,0.0,,,,0.0,,,,0.0,,
2025-09-20 11:30:00,1.591667,-0.1495,-0.140167,0.08,0.101333,-0.000439,1.577333,0.0685,-0.0645,-0.062833,-1.7e-05,0.2805,-0.0375,-0.030667,4.9e-05,0.056644,0.080278,3e-06,3.951,-1.785667,-0.028667,28.718333,22.18,0.028242,0.0,0.0,0.0,,,,0.0,,,,0.0,,
2025-09-20 12:00:00,0.481833,0.0235,-0.043167,0.048167,0.051833,-0.000611,0.504333,0.015667,-0.0185,0.001167,-0.000445,0.091667,-0.024,-0.0055,-4.9e-05,0.0903,0.08673,3e-05,1.822167,-0.632167,-0.040667,27.176667,20.021667,0.028012,0.0,0.0,0.0,,,,0.0,,,,0.0,,
2025-09-20 12:30:00,0.1105,-0.028,-0.015833,0.009667,0.002833,2.1e-05,0.1385,0.009,-0.0125,-0.0055,3.7e-05,0.0315,-0.004,0.0015,7e-06,0.009377,0.006669,2e-06,1.078667,-0.2155,-0.046667,26.85,19.495,0.019832,0.0,0.0,0.0,,,,0.0,,,,0.0,,0.0612
2025-09-20 13:00:00,0.358667,-0.050667,-0.019167,0.046167,0.033333,0.000118,0.197167,-0.0055,-0.024167,-0.017167,-0.00035,0.039833,-0.003167,0.000667,1.1e-05,0.02646,0.019834,1.1e-05,0.553167,1.015833,-0.017333,26.29,19.083333,0.022198,0.0,0.0,0.0,,,,0.0,,,,0.0,,0.06
2025-09-20 13:30:00,0.2715,-0.042333,-0.006333,0.024333,0.007167,0.000155,0.31,-0.024,0.044833,0.0,-0.000185,0.049333,-0.010667,0.001,2e-05,0.070933,0.025017,9e-06,0.685833,1.175833,-0.025333,26.075,18.585,0.021037,0.0,0.0,0.0,,,,0.0,,,,0.0,,0.059167
2025-09-20 14:00:00,0.168333,-0.034833,-0.011833,0.015667,-0.0035,5e-05,0.189833,-0.017833,0.001833,-0.0055,-6e-06,0.048833,0.000333,0.007,3.2e-05,0.049284,0.010268,1e-06,1.085167,0.581333,-0.016833,26.453333,18.908333,0.030362,0.0,0.0,0.0,,,,0.0,,,,0.0,,0.060667
2025-09-20 14:30:00,0.749833,-0.0005,-0.040667,0.017,-0.018667,-5.2e-05,0.647,-0.028,0.03,0.007,-7e-06,0.128,0.007167,0.011667,2.1e-05,0.021413,0.023716,0.0,1.813333,0.900333,-0.020333,26.75,19.371667,0.031677,0.0,0.0,0.0,,,,0.0,,,,0.0,,0.0645
2025-09-20 15:00:00,0.4645,-0.009667,-0.019333,-0.012667,-0.028333,-4.4e-05,0.5125,-0.017667,-0.011167,-0.015,3.5e-05,0.098667,0.012333,0.014333,2.3e-05,0.014641,0.017512,0.0,1.697,0.880667,-0.032333,25.771667,19.446667,0.029417,0.0,0.0,0.0,,,,0.0,,,,0.0,,0.065167
2025-09-20 15:30:00,0.376667,0.0425,-0.032,-0.003,-0.012333,-3.8e-05,0.478833,-0.028,-0.006167,-0.010167,-4.1e-05,0.095167,0.004333,0.008,2.5e-05,0.0056,0.007084,0.0,1.162,1.2915,-0.01,25.72,19.336667,0.030848,0.0,0.0,0.0,,,,0.0,,,,0.0,,0.065167
2025-09-20 16:00:00,0.484333,-0.029833,-0.048667,-0.007167,-0.029,-5.7e-05,0.434667,-0.033833,-0.005167,-0.011833,-2e-05,0.0965,0.0085,0.013333,2.6e-05,0.010643,0.0155,0.0,1.263833,1.316167,-0.0145,26.04,19.836667,0.03102,0.0,0.0,0.0,,,,0.0,,,,0.0,,0.064167
2025-09-20 16:30:00,0.319167,-0.032833,-0.004167,0.003333,-0.004667,-2e-05,0.3395,-0.0315,0.002667,0.002833,-1.6e-05,0.079333,-0.002167,0.000833,1.3e-05,0.006724,0.005427,0.0,0.929,1.525833,-0.001833,26.166667,19.75,0.03134,0.0,0.0,0.0,,,,0.0,,,,0.0,,0.065
2025-09-20 17:00:00,0.258167,-0.0645,-0.025833,0.004333,-0.001667,-5e-06,0.422,-0.0145,0.024167,0.0195,-2e-05,0.062833,-0.009667,-0.004167,7e-06,0.0176,0.007425,0.0,0.333,1.523167,0.013667,26.036667,19.491667,0.031645,0.0,0.0,0.0,,,,0.0,,,,0.0,,0.0645
2025-09-20 17:30:00,0.164833,0.007333,-0.006,0.014833,0.014167,-6e-06,0.263,-0.021,0.026167,0.018333,-6e-06,0.0365,-0.008833,-0.003667,1e-06,0.03016,0.012284,0.0,0.130667,1.391667,0.011,25.873333,19.21,0.031815,0.0,0.0,0.0,,,,0.0,,,,0.0,,0.062667
2025-09-20 18:00:00,0.423833,0.091167,-0.031,0.042167,0.0455,-1.5e-05,0.368667,-0.024167,0.041167,0.038167,-1.1e-05,0.08,-0.017667,-0.011333,4e-06,0.057121,0.039006,0.0,0.79,1.172667,-0.001833,26.255,19.596667,0.031483,0.0,0.0,0.0,,,,0.0,,,,0.0,,0.0635
2025-09-20 18:30:00,0.351833,0.006167,-0.0235,0.025167,0.029333,-6e-06,0.377667,-0.003667,0.033167,0.031667,-5e-06,0.071667,-0.018167,-0.011833,3e-06,0.05768,0.038285,0.0,0.757,1.216167,0.015333,26.366667,19.69,0.0315,0.0,0.0,0.0,,,,0.0,,,,0.0,,0.062333
2025-09-20 19:00:00,0.403833,-0.0185,-0.027667,0.056333,0.056167,-1.6e-05,0.375167,-0.029833,0.036,0.031667,1e-06,0.090333,-0.024,-0.017167,1e-06,0.067167,0.04438,0.0,0.8305,1.538167,-0.022333,26.378333,19.705,0.031502,0.0,0.0,0.0,,,,0.0,,,,0.0,,0.0635
2025-09-20 19:30:00,0.430167,-0.01,-0.025,0.055667,0.06,-6e-06,0.5385,-0.030333,0.039,0.037,-0.0,0.091333,-0.030167,-0.021,2e-06,0.076084,0.0546,0.0,1.1,1.1085,-0.003167,26.725,20.055,0.031505,0.0,0.0,0.0,,,,0.0,,,,0.0,,0.062833
2025-09-20 20:00:00,0.475167,-0.017667,-0.023667,0.041333,0.042333,-8e-06,0.571667,-0.020667,0.0235,0.0185,0.0,0.108333,-0.022667,-0.014667,2e-06,0.066306,0.044521,0.0,1.1585,1.291667,-0.031667,26.886667,20.231667,0.031465,0.0,0.0,0.0,,,,0.0,,,,0.0,,0.063167
2025-09-20 20:30:00,0.607833,-0.0305,-0.022167,0.035333,0.038,-6e-06,0.579,-0.033167,0.045167,0.042167,-6e-06,0.122167,-0.032,-0.021833,3e-06,0.068295,0.047597,0.0,1.6545,0.874667,-0.054667,26.801667,20.163333,0.031337,0.0,0.0,0.0,,,,0.0,,,,0.0,,0.0625
2025-09-20 21:00:00,0.7055,0.071,-0.053167,0.035667,0.0335,-1.2e-05,0.797333,-0.019333,0.032167,0.028333,-1e-05,0.158,-0.025333,-0.015833,9e-06,0.042162,0.027005,0.0,1.788167,1.129833,-0.020833,26.866667,20.253333,0.031322,0.0,0.0,0.0,,,,0.0,,,,0.0,,0.063333
2025-09-20 21:30:00,1.267,0.121667,-0.068833,0.065167,0.0675,-3.5e-05,1.081667,-0.0185,0.0585,0.057833,-2.2e-05,0.2125,-0.027833,-0.018,1e-05,0.047524,0.033185,0.0,2.581833,0.966167,-0.000833,26.871667,20.265,0.031288,0.0,0.0,0.0,,,,0.0,,,,0.0,,0.064333
2025-09-20 22:00:00,1.193833,-0.002,-0.075,0.062167,0.061333,0.000276,1.009167,-0.021333,0.031667,0.026667,-2.5e-05,0.166,-0.024167,-0.015167,-8e-06,0.041074,0.025707,3e-06,2.466167,1.0635,-0.028167,26.861667,20.23,0.024663,0.0,0.0,0.0,,,,0.0,,,,0.0,,0.063333
2025-09-20 22:30:00,0.673,0.018167,-0.029667,0.037,0.036,-0.000148,0.635833,-0.033333,0.027833,0.022333,-4e-06,0.138667,-0.024167,-0.014667,2.6e-05,0.035721,0.02235,1e-06,1.983833,0.952333,-0.026667,26.62,19.995,0.024137,0.0,0.0,0.0,,,,0.0,,,,0.0,,0.065167
2025-09-20 23:00:00,1.347333,-0.021667,-0.0945,0.061333,0.066,6e-06,1.379,-0.039667,0.045,0.042,-3.6e-05,0.223667,-0.028167,-0.017167,1.6e-05,0.033428,0.0225,0.0,3.3445,0.870333,-0.032167,26.596667,19.983333,0.031053,0.0,0.0,0.0,,,,0.0,,,,0.0,,0.067
2025-09-20 23:30:00,1.728167,0.083,-0.148667,0.070833,0.0765,0.00014,1.623333,-0.008667,0.013,0.014167,-7.6e-05,0.277333,-0.035833,-0.021,2e-05,0.037442,0.025493,0.0,4.243333,-0.266833,-0.012167,26.398333,19.81,0.030038,0.0,0.0,0.0,,,,0.0,,,,0.0,,0.07
2025-09-21 00:00:00,1.650167,-0.017333,-0.146,0.085833,0.095667,-0.000129,1.619,0.024333,-0.0055,-0.007167,5.1e-05,0.258667,-0.035667,-0.022333,2.4e-05,0.036672,0.024492,1e-06,4.011167,-0.4375,-0.0005,25.746667,19.238333,0.02922,0.0,0.0,0.0,,,,0.0,,,,0.0,,
2025-09-21 00:30:00,1.420333,0.0975,-0.128,0.0575,0.0645,-0.0002,1.164167,-0.0135,0.001333,-0.001333,-8e-06,0.230833,-0.022333,-0.014333,3.4e-05,0.024077,0.015792,0.0,3.690167,-0.639667,-0.0235,25.265,18.83,0.02723,0.0,0.0,0.0,,,,0.0,,,,0.0,,
2025-09-21 01:00:00,1.916333,0.217833,-0.136833,0.052,0.074,-0.000176,1.711833,0.024333,0.019333,0.009667,-3.5e-05,0.317667,-0.025833,-0.021333,2.1e-05,0.02873,0.02064,0.0,4.261,-0.604667,-0.044,24.885,18.555,0.027913,0.0,0.0,0.0,,,,0.0,,,,0.0,,
2025-09-21 01:30:00,1.511333,-0.020833,-0.138833,0.1255,0.137167,-9.3e-05,1.0535,0.0235,-0.0005,-0.005667,2e-05,0.221,-0.033667,-0.028,2.1e-05,0.047089,0.037571,0.0,3.822,-0.4825,-0.016333,24.151667,17.901667,0.026958,0.0,0.0,0.0,,,,0.0,,,,0.0,,
2025-09-21 02:00:00,3.156833,0.095667,-0.1755,0.129833,0.179333,-0.000212,2.4835,0.026833,-0.022,-0.024333,2.9e-05,0.402,-0.049667,-0.039,3.1e-05,0.059943,0.0468,0.0,4.849333,-0.852333,-0.0185,23.305,17.141667,0.02601,0.0,0.0,0.0,,,,0.0,,,,0.0,,
2025-09-21 02:30:00,1.762,-0.063,-0.136667,0.136167,0.154333,-7e-05,1.482,0.024,-0.021,-0.022833,1.4e-05,0.268667,-0.050333,-0.039167,2e-05,0.071556,0.05728,0.0,4.046667,-0.615667,-0.023167,22.215,16.13,0.024775,0.0,0.0,0.0,,,,0.0,,,,0.0,,
2025-09-21 03:00:00,1.460667,-0.092833,-0.116833,0.1025,0.118667,-5e-05,1.3525,0.026,-0.013167,-0.0195,1.4e-05,0.239,-0.040167,-0.030333,1.6e-05,0.05267,0.041141,0.0,3.926167,-0.356667,-0.047333,21.803333,15.716667,0.024765,0.0,0.0,0.0,,,,0.0,,,,0.0,,
2025-09-21 03:30:00,1.904833,0.090833,-0.165167,0.114667,0.136833,-7.1e-05,2.124167,-0.007333,-0.012667,-0.019,1.5e-05,0.324,-0.042667,-0.030833,2e-05,0.046297,0.03629,0.0,4.857667,0.025333,-0.0035,21.601667,15.526667,0.024718,0.0,0.0,0.0,,,,0.0,,,,0.0,,
2025-09-21 04:00:00,1.385333,-0.139833,-0.0995,0.070667,0.082167,-4.8e-05,1.2275,0.026,-0.020167,-0.0275,2.3e-05,0.244833,-0.033333,-0.023333,1.7e-05,0.039204,0.02873,0.0,3.8565,-0.452333,-0.014333,21.316667,15.241667,0.024433,0.0,0.0,0.0,,,,0.0,,,,0.0,,
2025-09-21 04:30:00,1.883333,-0.234,-0.144667,0.104,0.1235,-7.1e-05,1.706833,0.056667,-0.035667,-0.047,3.4e-05,0.277833,-0.037167,-0.028167,2e-05,0.045156,0.037185,0.0,3.850333,-0.909833,-0.022833,21.11,15.086667,0.02396,0.0,0.0,0.0,,,,0.0,,,,0.0,,
2025-09-21 05:00:00,2.072333,-0.186833,-0.181833,0.123333,0.143333,-7.7e-05,1.394,0.0455,-0.027,-0.030333,1.8e-05,0.306,-0.039667,-0.03,2.1e-05,0.041616,0.033063,0.0,4.303167,-1.114833,0.009167,20.921667,14.911667,0.02385,0.0,0.0,0.0,,,,0.0,,,,0.0,,
2025-09-21 05:30:00,2.001833,-0.195,-0.1565,0.086167,0.1015,-0.000108,1.644167,0.102667,-0.022667,-0.029833,3.1e-05,0.297,-0.024,-0.014833,2.2e-05,0.020688,0.015129,0.0,4.0715,-1.750167,-0.033667,20.858333,14.881667,0.023547,0.0,0.0,0.0,,,,0.0,,,,0.0,,
2025-09-21 06:00:00,1.561833,-0.0405,-0.1285,0.050167,0.0525,-7.5e-05,1.551667,0.082,-0.018667,-0.019333,3.1e-05,0.302833,-0.0265,-0.014,2.8e-05,0.018998,0.011236,0.0,3.9255,-1.676333,0.004,20.403333,14.45,0.023072,0.0,0.0,0.0,,,,0.0,,,,0.0,,
2025-09-21 06:30:00,1.370667,-0.038333,-0.131833,0.034667,0.0365,-6.3e-05,1.412167,0.027667,-0.004667,-0.005667,1.1e-05,0.292833,-0.020167,-0.010167,2.8e-05,0.012694,0.007197,0.0,4.166333,-1.267833,-0.019833,20.245,14.328333,0.022817,0.0,0.0,0.0,,,,0.0,,,,0.0,,
2025-09-21 07:00:00,1.429167,0.055,-0.112833,0.028167,0.027667,-0.000102,1.267333,0.043333,-0.0085,-0.008167,2.9e-05,0.206167,-0.0125,-0.0015,3e-05,0.007598,0.005232,0.0,3.487167,-1.359667,0.0205,20.243333,14.333333,0.023173,0.0,0.0,0.0,,,,0.0,,,,0.0,,
2025-09-21 07:30:00,1.681667,0.0125,-0.140833,-0.000167,-0.013833,-0.000144,1.554667,0.076833,0.011167,0.038667,7.8e-05,0.244667,-0.009167,0.001667,3.4e-05,0.009216,0.017117,0.0,3.675833,-1.501333,-0.000833,20.311667,14.325,0.023245,0.0,0.0,0.0,,,,0.0,,,,0.0,,
2025-09-21 08:00:00,1.325833,-0.039333,-0.087,0.0255,0.001,0.000327,0.932333,0.078333,-0.012333,-0.0,5.1e-05,0.221,-0.0045,0.009833,7e-06,0.008433,0.032041,1e-06,3.320333,-1.9135,-0.021333,19.508333,13.148333,0.017477,0.0,0.0,0.0,,,,0.0,,,,0.0,,
2025-09-21 08:30:00,0.554333,-0.151333,-0.061833,-0.011167,-0.029167,-0.000124,0.607,0.054167,0.001667,0.014667,4.4e-05,0.113333,0.005333,0.014333,3.2e-05,0.004534,0.01517,0.0,2.532667,-1.308,-0.004667,20.031667,13.861667,0.018655,0.0,0.0,0.0,,,,0.0,,,,0.0,,0.068
2025-09-21 09:00:00,0.764333,0.001,-0.063833,-0.040667,-0.051167,-0.000171,0.873167,0.0865,0.046333,0.076833,-9e-06,0.171667,0.019667,0.03,7.2e-05,0.027778,0.054444,1e-06,1.811167,-2.015,-0.028167,20.571667,14.478333,0.019273,0.0,0.0,0.0,,,,0.0,,,,0.0,,0.068
2025-09-21 09:30:00,1.110833,0.078,-0.03,-0.010833,-0.020167,-0.000102,1.003,0.136667,0.048333,0.064333,0.000188,0.241333,0.026,0.0375,6e-05,0.021904,0.039402,0.0,1.044333,-2.873333,-0.0225,20.463333,14.495,0.01978,0.0,0.0,0.0,,,,0.0,,,,0.0,,0.068
2025-09-21 10:00:00,1.031333,0.092167,-0.011,0.009833,0.0075,3.1e-05,0.9605,0.116333,0.0475,0.067,0.000147,0.212833,0.019167,0.028167,3.9e-05,0.019693,0.028674,1e-06,0.532,-2.878833,-0.058333,20.528333,14.685,0.018493,0.0,0.0,0.0,,,,0.0,,,,0.0,,0.068
2025-09-21 10:30:00,1.059167,0.148333,-0.007833,0.002,-0.029167,-4.2e-05,1.019667,0.121833,0.047667,0.052667,0.000209,0.221167,0.018167,0.033167,5.9e-05,0.026082,0.065451,1e-06,0.369667,-3.195667,-0.051667,20.651667,14.7,0.022447,0.0,0.0,0.0,,,,0.0,,,,0.0,,0.067333
2025-09-21 11:00:00,0.604333,-0.021,-0.021167,-0.0045,-0.013833,-1e-06,0.718,0.087667,0.0425,0.068,0.000115,0.155667,0.017,0.027333,5.8e-05,0.016171,0.0368,0.0,0.714833,-2.508167,-0.074167,20.033333,14.126667,0.021963,0.0,0.0,0.0,,,,0.0,,,,0.0,,0.064667
2025-09-21 11:30:00,1.225167,-0.1955,0.0245,-0.016667,-0.032333,-0.000241,1.244667,0.139,0.025667,0.0455,1.2e-05,0.245333,0.008,0.021,1.3e-05,0.021658,0.033428,1e-06,0.483,-2.527333,-0.009833,20.28,14.4,0.017465,0.0,0.0,0.0,,,,0.0,,,,0.0,,0.065667
2025-09-21 12:00:00,0.6165,-0.0745,-0.013833,-0.004833,-0.018333,2.9e-05,0.6255,0.067833,0.019333,0.043667,6.3e-05,0.140333,0.0095,0.02,4.5e-05,0.012432,0.029298,0.0,0.506833,-2.2205,-0.046833,20.061667,14.258333,0.017097,0.0,0.0,0.0,,,,0.0,,,,0.0,,0.064333
2025-09-21 12:30:00,0.726667,-0.172167,0.054333,0.013,0.013,2.9e-05,1.157833,0.105,0.0385,0.077833,2e-05,0.264833,0.0265,0.0365,7.5e-05,0.027501,0.039933,0.0,-0.384167,-2.1935,-0.023167,20.653333,15.03,0.020918,0.0,0.0,0.0,,,,0.0,,,,0.0,,0.065667
2025-09-21 13:00:00,0.607667,-0.172,-0.004,-0.0155,-0.018,0.0,0.883333,0.081667,0.026167,0.051667,5.1e-05,0.152667,0.012833,0.0205,4.4e-05,0.016087,0.02544,0.0,0.146333,-2.154833,-0.012667,20.421667,14.75,0.021745,0.0,0.0,0.0,,,,0.0,,,,0.0,,0.067667
2025-09-21 13:30:00,0.399333,-0.053167,0.03,0.02,0.021667,3.7e-05,0.597167,0.070667,0.0485,0.098833,8.4e-05,0.117833,0.0315,0.038667,6.1e-05,0.061421,0.103041,0.0,-0.132833,-1.461833,-0.025667,20.776667,15.278333,0.021992,0.0,0.0,0.0,,,,0.0,,,,0.0,,
2025-09-21 14:00:00,0.6585,-0.168667,0.005,-0.036,-0.054,1e-06,0.89,0.0745,0.066667,0.109,9.6e-05,0.158,0.035667,0.0456,6.7e-05,0.080467,0.136309,0.0,-0.142,-1.859,-0.015,21.3,15.97,0.021887,0.0,0.0,0.0,,,,0.0,,,,0.0,,
2025-09-21 14:30:00,0.605833,-0.1895,0.045167,0.002833,0.0005,6.1e-05,1.184667,0.113667,0.076833,0.1425,8.9e-05,0.223667,0.031333,0.0425,7.5e-05,0.053901,0.203852,0.0,-0.4515,-1.947333,-0.011667,21.303333,16.28,0.020982,0.0,0.0,0.0,,,,0.0,,,,0.0,,
2025-09-21 15:00:00,0.552667,0.009167,0.045333,-0.003167,0.012333,1.4e-05,0.952667,0.077167,0.06,0.1345,0.000108,0.224333,0.023333,0.026167,6.5e-05,0.039535,0.06342,0.0,-0.113333,-2.338667,-0.0405,21.298333,16.251667,0.02056,0.0,0.0,0.0,,,,0.0,,,,0.0,,
2025-09-21 15:30:00,0.455,-0.1265,0.054833,-0.0055,0.0,2.4e-05,0.902,0.059167,0.047833,0.119,0.000104,0.177,0.011667,0.022,5.6e-05,0.031211,0.051076,0.0,-0.437333,-1.752333,-0.013167,20.998333,16.2,0.020302,0.0,0.0,0.0,,,,0.0,,,,0.0,,
2025-09-21 16:00:00,0.694,-0.296167,0.054667,-0.025333,-0.019667,1.8e-05,1.256167,0.094,0.060167,0.046333,6.8e-05,0.247333,0.0125,0.005667,5.4e-05,0.027889,0.018045,0.0,-0.592167,-1.848667,-0.009,21.066667,15.56,0.020613,0.0,0.0,0.0,,,,0.0,,,,0.0,,
2025-09-21 16:30:00,0.36,-0.028333,0.044333,-0.015667,-0.005833,1.8e-05,0.694667,0.048667,-0.008667,0.003667,4.7e-05,0.151667,-0.016,-0.009333,3.3e-05,0.015918,0.022801,0.0,-0.302,-1.793167,-0.006833,20.428333,14.853333,0.020607,0.0,0.0,0.0,,,,0.0,,,,0.0,,
2025-09-21 17:00:00,0.396333,-0.051333,0.0365,-0.024167,-0.020333,1.7e-05,0.604,0.041667,0.001333,0.036167,2.4e-05,0.157,-0.012667,-0.007,2.9e-05,0.013148,0.0144,0.0,-0.243167,-1.716667,-0.0115,20.336667,15.036667,0.02088,0.0,0.0,0.0,,,,0.0,,,,0.0,,
2025-09-21 17:30:00,0.298,-0.056,0.035833,-0.024667,-0.0215,1.4e-05,0.39,0.019833,-0.007,0.002,1e-05,0.116667,-0.023167,-0.019667,2.2e-05,0.038025,0.036354,0.0,-0.308,-1.49,-0.018667,20.036667,14.461667,0.020508,0.0,0.0,0.0,,,,0.0,,,,0.0,,
2025-09-21 18:00:00,0.165667,-0.027833,0.0245,-0.008667,-0.005167,-3e-06,0.497,0.0215,-0.04,-0.042333,3.8e-05,0.086667,-0.021833,-0.013667,1.2e-05,0.038025,0.023562,0.0,-0.2305,-1.098833,-0.003167,19.281667,13.396667,0.02105,0.0,0.0,0.0,,,,0.0,,,,0.0,,
2025-09-21 18:30:00,0.080833,-0.019833,0.011,-0.001667,-0.000333,-2e-06,0.251,0.002833,-0.035333,-0.046167,1.6e-05,0.036333,-0.014167,-0.006333,5e-06,0.049655,0.033367,0.0,-0.165833,-0.739167,-0.005167,18.613333,12.605,0.021328,0.0,0.0,0.0,,,,0.0,,,,0.0,,
2025-09-21 19:00:00,0.133667,-0.0015,0.016167,-0.015,-0.011333,2e-06,0.2635,0.018167,-0.039,-0.0395,2.3e-05,0.0555,-0.018,-0.008,8e-06,0.04921,0.030276,0.0,-0.0695,-1.097667,0.001,18.468333,12.513333,0.02127,0.0,0.0,0.0,,,,0.0,,,,0.0,,
2025-09-21 19:30:00,0.085667,-0.007,0.007333,-0.010333,-0.006167,-0.0,0.232833,0.005167,-0.037667,-0.049167,2.2e-05,0.034833,-0.011333,-0.002833,3e-06,0.064009,0.042987,0.0,-0.109667,-0.667333,0.015,18.068333,12.063333,0.021012,0.0,0.0,0.0,,,,0.0,,,,0.0,,
2025-09-21 20:00:00,0.040333,-0.010167,0.003167,-0.003333,0.002833,-3e-06,0.0475,0.000667,-0.004,-0.01,6e-06,0.008333,-0.0025,-0.001,-1e-06,0.076637,0.045085,0.0,0.189833,-0.2725,0.021,17.066667,11.01,0.020865,0.0,0.0,0.0,,,,0.0,,,,0.0,,
2025-09-21 20:30:00,0.043,-0.002667,0.002833,0.013667,0.0145,-1e-05,0.042667,0.000833,-0.013,-0.012,6e-06,0.010667,-0.004667,-0.0005,-2e-06,0.12936,0.067081,0.0,0.090667,-0.233,0.009,16.581667,10.503333,0.020748,0.0,0.0,0.0,,,,0.0,,,,0.0,,
2025-09-21 21:00:00,0.0305,0.0015,0.001,0.036,0.032167,5e-06,0.028333,0.0005,-0.019333,-0.016667,-1e-06,0.005333,0.000667,0.002667,-0.0,0.244365,0.181334,0.0,0.316667,-0.155,0.0215,16.163333,10.175,0.020522,0.0,0.0,0.0,,,,0.0,,,,0.0,,
2025-09-21 21:30:00,0.041667,0.006833,-0.001,0.051,0.047333,1e-05,0.015833,-0.0005,0.004333,0.003333,2e-06,0.0035,-0.001833,-0.001,-1e-06,0.152881,0.101124,0.0,0.2295,0.01,0.008833,14.878333,8.811667,0.020057,0.0,0.0,0.0,,,,0.0,,,,0.0,,
2025-09-21 22:00:00,0.04,0.005833,0.001167,0.0345,0.032333,5e-06,0.019833,0.0015,0.002,0.0005,-1e-06,0.004833,-0.004333,-0.002667,-0.0,0.1369,0.08304,0.0,0.238,-0.022,0.010833,14.743333,8.673333,0.015732,0.0,0.0,0.0,,,,0.0,,,,0.0,,
2025-09-21 22:30:00,0.053333,0.005667,0.003,0.0785,0.064,-6e-06,0.020167,-0.000167,-0.003167,-0.0005,4e-06,0.006167,0.000167,0.001,-4e-06,0.376178,0.2022,0.0,0.304833,-0.092167,0.008167,14.673333,8.6,0.010793,0.0,0.0,0.0,,,,0.0,,,,0.0,,
2025-09-21 23:00:00,0.047,-0.006333,-0.0005,0.033667,0.029333,-5e-06,0.0485,0.004167,-0.038167,-0.034,-1.7e-05,0.012833,-0.0045,0.0,-3e-06,0.248004,0.151062,0.0,0.203,-0.262167,0.010333,15.655,9.598333,0.01165,0.0,0.0,0.0,,,,0.0,,,,0.0,,
2025-09-21 23:30:00,0.060833,0.0075,0.006833,-0.002167,-0.002833,-7e-06,0.091333,0.0035,-0.041333,-0.039667,5e-06,0.0175,-0.0075,-0.003833,-1e-06,0.177381,0.0904,0.0,0.221833,-0.680667,0.021167,16.34,10.373333,0.019912,0.0,0.0,0.0,,,,0.0,,,,0.0,,
2025-09-22 00:00:00,0.034167,0.001,0.003167,0.004,0.007167,1e-06,0.045,0.004333,-0.03,-0.0275,-6e-06,0.008,-0.006833,-0.004833,-2e-06,0.145161,0.103469,0.0,0.362167,-0.228,0.016833,15.975,10.036667,0.020197,0.0,0.0,0.0,,,,0.0,,,,0.0,,
2025-09-22 00:30:00,0.0445,0.0005,0.003167,-0.012,-0.009167,-0.0,0.044833,0.005,-0.003167,-0.003667,-2e-06,0.012,-0.008333,-0.006333,-2e-06,0.126262,0.081796,0.0,0.230167,-0.282167,-0.0055,15.578333,9.598333,0.01991,0.0,0.0,0.0,,,,0.0,,,,0.0,,
2025-09-22 01:00:00,0.089167,-0.016833,0.006,0.002,0.0015,-8e-06,0.212333,0.013333,-0.056,-0.052833,9e-06,0.036333,-0.012,-0.007333,-0.0,0.091607,0.048767,0.0,0.000167,-0.739833,0.011833,15.96,10.001667,0.020067,0.0,0.0,0.0,,,,0.0,,,,0.0,,
2025-09-22 01:30:00,0.0855,-0.020833,0.0015,-0.009,-0.008333,-2e-06,0.236333,0.003333,-0.0325,-0.040333,-7e-06,0.036,-0.008833,-0.004,-0.0,0.045298,0.027945,0.0,-0.179667,-0.247,0.007,15.925,9.913333,0.020195,0.0,0.0,0.0,,,,0.0,,,,0.0,,
2025-09-22 02:00:00,0.061167,-0.001333,0.006,-0.011667,-0.009333,-4e-06,0.147333,0.003,-0.005833,-0.012,-1e-06,0.025833,-0.007333,-0.004167,-0.0,0.038481,0.020497,0.0,-0.035167,-0.453333,0.004,15.64,9.64,0.02006,0.0,0.0,0.0,,,,0.0,,,,0.0,,
2025-09-22 02:30:00,0.099333,-0.018833,0.006833,-0.019,-0.017833,-5e-06,0.225167,0.0095,-0.009167,-0.013667,1.1e-05,0.033,-0.008833,-0.0045,0.0,0.036672,0.021805,0.0,-0.023667,-0.435333,0.0035,16.061667,10.085,0.020332,0.0,0.0,0.0,,,,0.0,,,,0.0,,
2025-09-22 03:00:00,0.121333,-0.037,0.012667,-0.008167,-0.007167,-4e-06,0.261333,0.011833,-0.0295,-0.026,2e-06,0.051,-0.018833,-0.0105,-1e-06,0.06068,0.026569,0.0,-0.104833,-1.078667,0.031167,16.015,10.036667,0.020408,0.0,0.0,0.0,,,,0.0,,,,0.0,,
2025-09-22 03:30:00,0.123833,-0.023167,0.022,-0.006667,-0.006333,-3e-06,0.343333,0.001833,-0.041667,-0.043,6e-06,0.065167,-0.015667,-0.0075,2e-06,0.03783,0.019834,0.0,-0.240333,-1.054667,0.0165,16.073333,10.09,0.02042,0.0,0.0,0.0,,,,0.0,,,,0.0,,
2025-09-22 04:00:00,0.134667,-0.010167,0.0165,-0.0055,-0.005,-4e-06,0.311333,0.019,-0.018,-0.022167,2e-06,0.0535,-0.0105,-0.004167,1e-06,0.029013,0.013572,0.0,-0.159333,-0.7605,0.034667,16.093333,10.106667,0.020488,0.0,0.0,0.0,,,,0.0,,,,0.0,,
2025-09-22 04:30:00,0.141167,-0.0185,0.008833,-0.010333,-0.012167,-2e-06,0.284833,0.012667,-0.021833,-0.025333,-0.0,0.049833,-0.008667,-0.0045,0.0,0.028674,0.014201,0.0,-0.331167,-0.452333,0.019333,16.27,10.275,0.02052,0.0,0.0,0.0,,,,0.0,,,,0.0,,
2025-09-22 05:00:00,0.156,-0.004,0.032,-0.0155,-0.014833,1e-06,0.372667,0.021333,-0.043167,-0.043,9e-06,0.0735,-0.019167,-0.013,3e-06,0.037185,0.019507,0.0,-0.273333,-0.975167,0.005167,16.4,10.43,0.020475,0.0,0.0,0.0,,,,0.0,,,,0.0,,
2025-09-22 05:30:00,0.114167,0.000833,0.007167,-0.008,-0.012,-2e-06,0.2145,0.0145,-0.026833,-0.029833,-4e-06,0.042333,-0.0115,-0.006833,-0.0,0.035156,0.020784,0.0,-0.220333,-0.346,0.023833,16.575,10.558333,0.020608,0.0,0.0,0.0,,,,0.0,,,,0.0,,
2025-09-22 06:00:00,0.0885,0.003333,0.006,-0.016167,-0.0175,4e-06,0.098333,0.0095,-0.01,-0.013333,3e-06,0.026833,-0.011,-0.0065,1e-06,0.042987,0.025175,0.0,-0.289833,-0.301,-0.011167,16.563333,10.541667,0.0206,0.0,0.0,0.0,,,,0.0,,,,0.0,,
2025-09-22 06:30:00,0.065167,-0.004667,0.009333,-0.019333,-0.017,1e-06,0.076167,0.0055,0.000167,-0.000667,1e-06,0.018667,-0.009667,-0.0065,-0.0,0.043056,0.025547,0.0,-0.2215,-0.445167,-0.008,16.27,10.285,0.020545,0.0,0.0,0.0,,,,0.0,,,,0.0,,
2025-09-22 07:00:00,0.077333,-0.017,0.007833,-0.001333,0.001667,2e-06,0.158667,0.002333,-0.012667,-0.002833,6e-06,0.037667,-0.004333,0.000333,3e-06,0.015625,0.011772,0.0,-0.292833,-0.460833,-0.000833,16.47,10.758333,0.020767,0.0,0.0,0.0,,,,0.0,,,,0.0,,
2025-09-22 07:30:00,0.127833,-0.012667,0.011167,0.0005,0.019333,1.3e-05,0.142,0.017333,0.013833,0.025167,-4e-06,0.052333,0.004667,0.011667,1e-05,0.012882,0.025921,0.0,-0.369167,-0.462,0.003667,17.318333,11.808333,0.02124,0.0,0.0,0.0,,,,0.0,,,,0.0,,
2025-09-22 08:00:00,0.214,-0.030167,0.0215,0.006167,0.019,4.4e-05,0.319333,0.025833,0.038333,0.05,2.6e-05,0.077833,0.016,0.0194,3e-05,0.035784,0.051166,0.0,-0.5885,-0.4835,0.004167,18.535,12.848,0.021348,0.0,0.0,0.0,,,,0.0,,,,0.0,,
2025-09-22 08:30:00,0.455167,-0.068167,0.067833,0.028667,0.063167,5.4e-05,0.671667,0.029667,0.0285,0.061,-1.9e-05,0.165333,0.03,0.031333,3.8e-05,0.0402,0.056485,0.0,-1.1305,-0.562,-0.042833,19.38,13.94,0.02107,0.0,0.0,0.0,,,,0.0,,,,0.0,,
2025-09-22 09:00:00,1.0365,-0.201333,0.094167,0.069667,0.071,0.000111,1.161333,0.075833,0.0385,0.112,3.1e-05,0.232167,0.036667,0.04,5.2e-05,0.064601,0.069169,0.0,-1.4995,-0.5105,-0.011333,20.03,14.93,0.020947,0.0,0.0,0.0,,,,0.0,,,,0.0,,
2025-09-22 09:30:00,1.296167,-0.106833,0.146333,0.091833,0.1822,0.000128,1.4115,0.095667,0.049833,0.1092,5e-05,0.311,0.045833,0.0496,6.9e-05,0.074893,0.130755,0.0,-1.754167,-0.389667,-0.042167,20.356667,15.086,0.020547,0.0,0.0,0.0,,,,0.0,,,,0.0,,
2025-09-22 10:00:00,1.0805,-0.1485,0.0845,0.111167,0.141,0.000167,1.154667,0.044833,0.055333,0.128333,3.6e-05,0.217167,0.054667,0.049833,7e-05,0.135301,0.146944,0.0,-1.494167,-0.458,0.0095,20.898333,15.713333,0.019902,0.0,0.0,0.0,,,,0.0,,,,0.0,,
2025-09-22 10:30:00,0.882667,-0.082167,0.118833,0.021667,0.029833,6.5e-05,1.542667,0.0905,0.040333,0.069833,2.9e-05,0.302333,0.016167,0.014667,5.4e-05,0.019834,0.030218,0.0,-1.584833,-0.7535,-0.0575,20.286667,14.831667,0.01919,0.0,0.0,0.0,,,,0.0,,,,0.0,,
2025-09-22 11:00:00,1.0035,0.098167,0.1435,0.086667,0.086167,0.000122,1.5925,0.109,0.077333,0.14,8.6e-05,0.291333,0.045667,0.0405,6.9e-05,0.079995,0.11594,0.0,-1.63,-0.827,-0.033333,20.711667,15.531667,0.01922,0.0,0.0,0.0,,,,0.0,,,,0.0,,
2025-09-22 11:30:00,1.253,-0.246667,0.113167,0.077667,0.092,0.000105,1.517833,0.111833,0.054667,0.129,5.8e-05,0.302,0.0455,0.043667,6.4e-05,0.093636,0.126262,0.0,-1.689833,-0.627,0.013167,20.798333,15.606667,0.019407,0.0,0.0,0.0,,,,0.0,,,,0.0,,
2025-09-22 12:00:00,0.862833,-0.315167,0.044,0.038,0.0645,0.000124,0.962333,0.040333,0.0335,0.118167,-2e-06,0.186,0.021833,0.017,5.4e-05,0.073803,0.146817,0.0,-1.098,-0.546333,0.001833,20.875,15.695,0.01947,0.0,0.0,0.0,,,,0.0,,,,0.0,,
2025-09-22 12:30:00,1.444,-0.338,0.094333,0.1155,0.132833,0.000187,1.754167,0.073167,0.126,0.206833,3.6e-05,0.3345,0.064833,0.0525,7.2e-05,0.183612,0.220117,0.0,-1.673333,-1.1065,-0.035667,20.965,15.976667,0.019112,0.0,0.0,0.0,,,,0.0,,,,0.0,,
2025-09-22 13:00:00,1.060167,-0.3025,0.107167,0.065333,0.101667,0.00014,1.525167,0.0545,0.072833,0.1545,3e-05,0.291167,0.059167,0.048333,8.3e-05,0.148739,0.182329,0.0,-1.1675,-1.145,0.008667,21.045,16.056667,0.019102,0.0,0.0,0.0,,,,0.0,,,,0.0,,
2025-09-22 13:30:00,1.026833,-0.3085,0.111333,0.164,0.226667,0.000233,1.449167,0.045833,0.112167,0.2715,8.1e-05,0.242667,0.0755,0.0685,0.000102,0.218712,0.352242,0.0,-1.0065,-0.887667,0.030167,21.368333,16.658333,0.01893,0.0,0.0,0.0,,,,0.0,,,,0.0,,
2025-09-22 14:00:00,0.967,-0.205667,0.120167,0.016333,0.034833,5.7e-05,1.762333,0.033,0.132667,0.243167,0.000121,0.328833,0.0445,0.038167,7.6e-05,0.105192,0.131527,0.0,-0.916833,-1.932167,-0.039833,20.976667,16.16,0.01822,0.0,0.0,0.0,,,,0.0,,,,0.0,,
2025-09-22 14:30:00,0.668667,-0.145,0.074667,0.026833,0.059167,6.8e-05,1.385833,0.060333,0.087833,0.205833,6.9e-05,0.2755,0.0445,0.037,8.2e-05,0.080751,0.119601,0.0,-0.74,-1.473,-0.003,21.045,16.381667,0.018227,0.0,0.0,0.0,,,,0.0,,,,0.0,,
2025-09-22 15:00:00,1.1595,-0.061,0.103833,0.120167,0.210167,0.00018,1.018,0.079833,0.072,0.135667,8.4e-05,0.2455,0.038167,0.037333,6.3e-05,0.073441,0.116395,0.0,-1.3375,-0.721667,-0.006833,20.848333,16.171667,0.018103,0.0,0.0,0.0,,,,0.0,,,,0.0,,
2025-09-22 15:30:00,0.810667,-0.054167,0.084,0.047667,0.0975,6.4e-05,1.027667,0.080167,0.049667,0.111167,6.9e-05,0.225833,0.030667,0.032333,5.7e-05,0.049729,0.072271,0.0,-1.381,-0.571833,-0.037167,20.696667,15.996667,0.01853,0.0,0.0,0.0,,,,0.0,,,,0.0,,
2025-09-22 16:00:00,1.447833,-0.366167,0.138333,0.077,0.1266,0.000188,1.5055,0.085333,0.037833,0.1212,-2.3e-05,0.2875,0.023667,0.027,5.4e-05,0.033245,0.056549,0.0,-1.625167,-1.026167,-0.02,20.35,15.524,0.019398,0.0,0.0,0.0,,,,0.0,,,,0.0,,
2025-09-22 16:30:00,1.037333,-0.100833,0.111333,0.028667,0.060667,9e-05,1.196,0.091,0.025667,0.081333,2.7e-05,0.266833,0.009167,0.009,4e-05,0.017424,0.026352,0.0,-1.3615,-0.9015,-0.031833,20.183333,15.215,0.01956,0.0,0.0,0.0,,,,0.0,,,,0.0,,
2025-09-22 17:00:00,0.431167,-0.064167,0.053,-0.013167,0.004333,4.4e-05,0.634,0.025667,0.006167,0.044667,-9e-06,0.163333,-0.008667,-0.009,2.3e-05,0.017468,0.022751,0.0,-0.730667,-0.710667,0.004167,19.785,14.606667,0.019653,0.0,0.0,0.0,,,,0.0,,,,0.0,,
2025-09-22 17:30:00,0.262667,-0.0705,0.023667,-0.024333,-0.0205,2.2e-05,0.4035,0.0215,-0.006167,0.005333,-4e-06,0.085167,-0.016333,-0.0145,1.2e-05,0.035407,0.033917,0.0,-0.3605,-0.757,0.009667,19.073333,13.581667,0.019732,0.0,0.0,0.0,,,,0.0,,,,0.0,,
2025-09-22 18:00:00,0.105167,-0.018167,0.0115,-0.025167,-0.0194,8e-06,0.261333,-0.0005,-0.012333,-0.0254,-7e-06,0.040667,-0.017,-0.0108,5e-06,0.063085,0.051802,0.0,-0.204167,-0.384167,0.003167,18.18,12.34,0.020007,0.0,0.0,0.0,,,,0.0,,,,0.0,,
2025-09-22 18:30:00,0.141333,-0.003833,0.02,-0.014667,-0.012,-2e-06,0.4695,0.012,-0.052833,-0.063833,3.1e-05,0.0655,-0.020833,-0.011833,6e-06,0.061421,0.04396,0.0,-0.225667,-1.019333,0.0115,17.516667,11.648333,0.019907,0.0,0.0,0.0,,,,0.0,,,,0.0,,
2025-09-22 19:00:00,0.088667,-0.007,0.005667,-0.015,-0.0125,7e-06,0.095,0.009,-0.014833,-0.015,-0.0,0.029167,-0.011,-0.006,2e-06,0.04417,0.026814,0.0,-0.314833,-0.341,0.000667,16.981667,11.0175,0.020103,0.0,0.0,0.0,,,,0.0,,,,0.0,,
2025-09-22 19:30:00,0.096167,0.032167,0.015,-0.0205,-0.019167,6e-06,0.117667,0.011667,-0.007833,-0.016167,5e-06,0.028333,-0.007833,-0.0065,2e-06,0.052747,0.03927,0.0,-0.1065,-0.382,-0.016667,16.606667,10.603333,0.019915,0.0,0.0,0.0,,,,0.0,,,,0.0,,
2025-09-22 20:00:00,0.182333,0.008667,0.026333,-0.024833,-0.025333,9e-06,0.303167,0.025,-0.034667,-0.0355,5e-06,0.068,-0.014667,-0.009667,4e-06,0.060107,0.039734,0.0,-0.557167,-0.5055,0.0145,16.968333,11.063333,0.019712,0.0,0.0,0.0,,,,0.0,,,,0.0,,
2025-09-22 20:30:00,0.134167,0.041333,0.0195,-0.033167,-0.037167,1.1e-05,0.202667,0.0095,-0.021167,-0.022333,5e-06,0.053833,-0.012667,-0.009167,4e-06,0.057041,0.040737,0.0,-0.614167,-0.408667,-0.029667,16.826667,10.918333,0.019578,0.0,0.0,0.0,,,,0.0,,,,0.0,,
2025-09-22 21:00:00,0.1195,0.009667,0.0135,-0.032,-0.031,9e-06,0.119833,0.011167,-0.008833,-0.013333,4e-06,0.029333,-0.012333,-0.008333,3e-06,0.055775,0.036037,0.0,-0.274833,-0.483833,-0.0015,16.171667,10.213333,0.019662,0.0,0.0,0.0,,,,0.0,,,,0.0,,
2025-09-22 21:30:00,0.109667,-0.002333,0.0115,-0.027667,-0.024167,7e-06,0.078333,0.010167,-0.007,-0.007167,2e-06,0.030833,-0.011667,-0.006833,2e-06,0.071735,0.041277,0.0,-0.230333,-0.571,-0.012167,15.91,9.96,0.01966,0.0,0.0,0.0,,,,0.0,,,,0.0,,
2025-09-22 22:00:00,0.074667,-0.003333,0.0075,-0.021333,-0.016,3e-06,0.063167,0.0025,-0.012,-0.013,3e-06,0.0225,-0.008833,-0.005,0.0,0.098282,0.066135,0.0,-0.053333,-0.5245,-0.006,15.535,9.575,0.019642,0.0,0.0,0.0,,,,0.0,,,,0.0,,
2025-09-22 22:30:00,0.0205,-0.001,0.001333,-0.011667,-0.0112,-1e-06,0.018,0.001,-0.005167,0.0018,-1e-06,0.003,-0.004,-0.002,0.0,0.088308,0.033709,0.0,-0.035833,-0.194833,0.015167,14.993333,9.086,0.019508,0.0,0.0,0.0,,,,0.0,,,,0.0,,
2025-09-22 23:00:00,0.0175,0.001,0.000667,-0.008333,-0.006333,2e-06,0.016,0.000667,0.004333,0.001167,3e-06,0.0035,-0.0025,-0.000667,0.0,0.166464,0.063756,0.0,0.026833,-0.261667,0.014,14.161667,8.1405,0.01879,0.0,0.0,0.0,,,,0.0,,,,0.0,,
2025-09-22 23:30:00,0.013333,-0.002333,0.000167,-0.005,-0.001833,4e-06,0.0135,0.000167,-0.0055,-0.005,-6e-06,0.001667,0.001667,0.001333,-0.0,0.129001,0.058081,0.0,0.278333,-0.407833,0.005333,13.735,7.779667,0.016262,0.0,0.0,0.0,,,,0.0,,,,0.0,,
2025-09-23 00:00:00,0.052333,-0.006833,0.0,-0.019167,-0.010667,3e-06,0.064167,0.002667,-0.04,-0.032667,-3e-06,0.012333,-0.007667,-0.004833,-3e-06,0.137888,0.066478,0.0,0.266,-0.4925,0.0105,14.305,8.318333,0.014627,0.0,0.0,0.0,,,,0.0,,,,0.0,,
2025-09-23 00:30:00,0.041,0.006833,0.002167,0.001333,0.002833,1.4e-05,0.0425,0.0035,-0.0215,-0.018,2e-06,0.013833,-0.008833,-0.006333,-3e-06,0.211907,0.131527,0.0,0.2235,-0.122833,0.007833,14.596667,8.581667,0.016178,0.0,0.0,0.0,,,,0.0,,,,0.0,,
2025-09-23 01:00:00,0.053667,0.018,0.002333,0.0085,0.015833,-3.7e-05,0.0175,0.000667,0.002667,0.004167,-6e-06,0.002167,0.001167,0.001833,-3e-06,0.13826,0.092923,0.0,0.313333,-0.237,0.009667,13.956667,8.009833,0.013775,0.0,0.0,0.0,,,,0.0,,,,0.0,,
2025-09-23 01:30:00,0.019667,0.005167,0.001,-0.018167,-0.010833,9e-06,0.013167,0.0015,-0.005,-0.003333,-3e-06,0.0045,-0.003333,-0.002,0.0,0.063001,0.028392,0.0,0.048667,-0.244167,-0.002167,14.645,8.476667,4.5e-05,0.0,0.0,0.0,,,,0.0,,,,0.0,,
2025-09-23 02:00:00,0.021,0.0,-0.000167,-0.010333,-0.005167,2e-06,0.036667,0.000167,0.033333,0.026333,0.0,0.002667,-0.001,-0.000167,-1e-06,0.223887,0.157741,0.0,0.244333,-0.146,0.001667,13.418333,7.447333,-0.001079,0.0,0.0,0.0,,,,0.0,,,,0.0,,
2025-09-23 02:30:00,0.012833,0.005833,0.000333,0.004833,0.0026,2e-05,0.013833,0.000167,0.002167,0.0016,2.8e-05,0.0005,-0.000167,-0.0002,4e-06,0.028505,0.013225,1e-06,0.328833,-0.348333,-0.000833,13.516667,7.623,0.00933,0.0,0.0,0.0,,,,0.0,,,,0.0,,
2025-09-23 03:00:00,0.0155,-0.005667,0.0005,0.002667,0.004167,1.9e-05,0.015667,0.000333,0.009833,0.006167,-2.3e-05,0.001,0.0,0.0005,1e-06,0.051984,0.042025,0.0,-0.097667,0.259333,0.0115,12.803333,6.730167,0.020503,0.0,0.0,0.0,,,,0.0,,,,0.0,,
2025-09-23 03:30:00,0.012667,0.003167,0.0005,-0.001833,-0.0014,-2.9e-05,0.040833,0.001333,0.006,0.0036,-4.3e-05,0.001,-0.000333,-0.0004,3e-06,0.067081,0.061901,0.0,-0.104833,-0.011,0.007667,12.733333,6.6694,0.022855,0.0,0.0,0.0,,,,0.0,,,,0.0,,
2025-09-23 04:00:00,0.0065,-0.005167,-0.000333,-0.001333,-0.003667,-1.3e-05,0.024833,0.001167,0.000167,-0.000833,2.2e-05,0.0005,-0.000333,0.000167,1e-06,0.038481,0.033672,0.0,-0.090333,0.016,0.006333,12.585,6.485333,0.021103,0.0,0.0,0.0,,,,0.0,,,,0.0,,
2025-09-23 04:30:00,0.0145,-0.004,0.0,0.0,-0.005167,-1.2e-05,0.017667,-0.000167,-0.0005,0.0015,6e-06,0.000667,0.0,0.000833,-1e-06,0.021462,0.019693,0.0,-0.208667,0.356667,0.017333,12.541667,6.427667,0.016612,0.0,0.0,0.0,,,,0.0,,,,0.0,,
2025-09-23 05:00:00,0.027333,-0.0005,0.000167,0.008333,0.010667,-2.5e-05,0.015333,0.000333,-0.017167,-0.014167,-6e-06,0.003,-0.003667,-0.001,2e-06,0.159867,0.089401,0.0,0.028,-0.169667,-0.005333,13.04,6.855167,0.014098,0.0,0.0,0.0,,,,0.0,,,,0.0,,
2025-09-23 05:30:00,0.0815,0.019,0.0035,0.037333,0.034833,-1.1e-05,0.099333,0.007333,-0.040167,-0.0125,-3.9e-05,0.015833,-0.006833,-0.001,-5e-06,0.35244,0.156684,0.0,-0.1395,0.004,0.0065,14.526667,8.284167,0.012308,0.0,0.0,0.0,,,,0.0,,,,0.0,,
2025-09-23 06:00:00,0.23,-0.378,0.115667,-0.057667,-0.009,7e-06,0.672333,-0.203833,0.1025,0.024333,-2.4e-05,0.065833,-0.023167,-0.003667,7e-06,0.209764,0.075625,0.0,0.094667,0.033667,0.034333,13.493333,6.98,0.008473,0.0,0.0,0.0,,,,0.0,,,,0.0,,
2025-09-23 06:30:00,0.243833,-0.4595,0.137833,0.0535,0.077833,3.2e-05,0.988667,-0.285167,-0.154,-0.196167,-4.6e-05,0.088667,0.041667,0.055667,2.1e-05,0.222469,0.132011,0.0,1.009,-1.7455,0.458,16.421667,8.427333,0.007621,0.0,0.0,0.0,,,,0.0,,,,0.0,,
2025-09-23 07:00:00,,,,,,,,,,,,,,,,,0.027225,0.0,,,,,10.708333,0.00113,0.0,0.0,0.0,,,,0.0,,,,0.0,,
2025-09-23 07:30:00,0.2385,-0.31725,0.09075,-0.042,-0.01025,-0.000177,0.67675,-0.157,0.06675,0.059,0.000339,0.07625,-0.01825,-0.0035,-8.1e-05,0.134689,0.062417,1e-06,-0.14425,-0.82725,0.06475,20.3025,12.001667,0.009548,0.0,0.0,0.0,,,,0.0,,,,0.0,,0.058
2025-09-23 08:00:00,0.162667,-0.024167,0.0205,-0.010833,0.007167,1.6e-05,0.248167,0.009167,0.04,0.052667,2.1e-05,0.062333,0.021833,0.025667,2.2e-05,0.065621,0.06275,0.0,-0.444167,-0.559667,-0.026833,20.855,12.635,0.02199,0.0,0.0,0.0,,,,0.0,,,,0.0,,0.0565
2025-09-23 08:30:00,0.248167,-0.0595,0.0095,0.03,0.031,2.3e-05,0.3405,0.004667,-0.016,0.004333,1.4e-05,0.051667,0.025667,0.020167,2.6e-05,0.09912,0.101548,0.0,-0.9095,0.279333,-0.016833,19.651667,13.836667,0.022467,0.0,0.0,0.0,,,,0.0,,,,0.0,,0.0565
2025-09-23 09:00:00,0.323833,-0.088167,0.012333,0.026333,0.068,3.7e-05,0.5025,0.019667,-0.018167,0.006333,1.5e-05,0.062667,0.014,0.015167,1.9e-05,0.030508,0.079336,0.0,-1.0945,0.3005,0.016167,19.543333,13.901667,0.022277,0.0,0.0,0.0,,,,0.0,,,,0.0,,0.056833
2025-09-23 09:30:00,0.3995,-0.022667,0.0525,0.045667,0.046667,6.8e-05,0.544333,0.048167,0.0305,0.084833,2.8e-05,0.117,0.047167,0.05,4.7e-05,0.110224,0.16851,0.0,-1.158667,-0.095833,-0.001,20.656667,15.27,0.022385,0.0,0.0,0.0,,,,0.0,,,,0.0,,0.059333
2025-09-23 10:00:00,0.806333,-0.1615,0.091333,0.144,0.184333,0.000134,1.127167,0.047,-0.011,0.0345,0.0,0.227,0.065667,0.062167,6e-05,0.190387,0.217933,0.0,-1.437667,-0.605,-0.020667,21.303333,16.001667,0.02237,0.0,0.0,0.0,,,,0.0,,,,0.0,,0.0655
2025-09-23 10:30:00,0.9795,-0.3785,0.070333,0.072667,0.053667,0.000128,1.572833,0.0505,0.021333,0.124167,6.2e-05,0.219,0.073667,0.066833,8.5e-05,0.183755,0.2116,0.0,-1.258333,-0.067,0.033167,21.655,16.216667,0.02221,0.0,0.0,0.0,,,,0.0,,,,0.0,,0.067167
2025-09-23 11:00:00,0.611833,-0.088667,0.072667,0.054333,0.119833,0.0001,1.161667,0.0235,0.019,0.082,4.5e-05,0.155833,0.053333,0.045,6.7e-05,0.192575,0.266944,0.0,-1.227167,-0.378,-0.006667,21.911667,16.731667,0.021673,0.0,0.0,0.0,,,,0.0,,,,0.0,,0.07
2025-09-23 11:30:00,0.752,-0.426,0.0695,0.053,-0.0005,5.9e-05,1.612,0.02,-0.11,-0.0355,1.3e-05,0.1845,0.017,0.0075,5.5e-05,0.035721,0.03822,0.0,-1.7855,0.8115,0.0245,21.65,16.165,0.0209,0.0,0.0,0.0,,,,0.0,,,,0.0,,0.076
