Time(UTC),batt_v_1,t_log_1,rh_1,rh_2,rh_3,rh_4,rh_5,t_1,t_2,t_3,t_4,t_5,wspd_1,wdir_1,wspd_2,wdir_2,wspd_3,wdir_3,wspd_4,wdir_4,wspd_5,wdir_5
2024-10-22 09:30:00,11.6957,12.8457,49.4877,69.4364,58.2884,79.265,72.9886,-23.1114,-20.7576,-15.3847,-26.6371,-19.3024,2.5349,225.1005,2.0029,219.9803,1.7752,234.0804,1.0211,246.5598,1.2367,240.7905
2025-09-16 07:00:00,13.65,22.35,-18.77,-17.94,-17.37,-16.795,-16.35,-63.805,-63.375,-63.59,-63.55,-64.005,0.0,180.0,0.0,180.0,0.0,180.0,0.0,180.0,0.0,180.0
2025-09-16 11:00:00,,,,,,,,,,,,,,,,,,,,,,
2025-09-16 11:30:00,13.8953,15.3897,90.2533,90.46,91.17,91.1867,90.27,13.9097,13.9813,13.9487,13.9657,14.056,3.3418,203.8795,3.0951,206.7564,2.8063,211.4916,2.4927,213.2055,3.5583,217.4118
2025-09-16 12:00:00,13.8693,15.352,83.9,84.5033,85.2167,85.6933,86.57,14.69,14.8027,14.8703,14.8797,15.0177,5.9843,204.9958,5.3194,209.3129,4.7924,213.4837,4.4884,210.3974,3.8115,210.2514
2025-09-16 12:30:00,13.8243,16.526,75.319,76.0487,76.5787,77.121,78.2243,15.751,15.8237,15.919,15.924,16.0193,6.8637,202.8192,6.1313,207.0638,5.5451,211.095,5.2199,208.741,4.4718,207.6977
2025-09-16 13:00:00,13.8437,17.0977,71.4953,72.266,72.8753,73.6003,74.9343,15.937,15.9423,15.9733,15.9083,15.851,7.2213,204.3884,6.417,207.9032,5.765,212.6351,5.4052,209.4229,4.6249,208.0132
2025-09-16 13:30:00,13.8433,17.2503,67.2943,68.0903,68.7093,69.4013,70.8143,16.4583,16.472,16.475,16.3963,16.3053,6.7722,208.3226,6.0442,215.089,5.4161,218.6352,5.111,214.5324,4.3795,214.3137
2025-09-16 14:00:00,13.723,17.087,75.7917,76.587,76.8383,77.235,78.0973,15.7087,15.7147,15.717,15.6527,15.5577,5.3674,237.3399,4.6415,242.0602,4.0753,245.4734,3.8303,241.7148,3.3054,239.749
2025-09-16 14:30:00,13.8937,15.9993,88.1933,89.08,89.73,90.0467,91.3,14.3097,14.3353,14.308,14.267,14.1707,4.2092,253.8555,3.6495,259.0616,3.1996,260.6802,3.0053,257.0312,2.5493,253.8719
2025-09-16 15:00:00,13.9033,15.261,81.0987,82.259,83.586,83.866,86.0107,15.235,15.2297,15.1857,15.153,15.016,3.521,223.8981,3.0661,228.0973,2.69,231.0942,2.5373,227.8907,2.1292,227.2262
2025-09-16 15:30:00,13.8897,15.3353,70.4243,71.5263,72.6267,73.4253,75.7957,16.3807,16.368,16.3467,16.266,16.0943,4.5457,226.5103,4.0089,230.6663,3.548,234.3007,3.3468,231.2696,2.8925,227.3923
2025-09-16 16:00:00,13.8713,16.2313,66.9093,67.972,68.7143,69.5257,71.3183,16.6203,16.6123,16.5943,16.5027,16.3547,4.7325,221.1174,4.106,225.9453,3.6513,230.0353,3.4587,226.6272,2.9995,224.704
2025-09-16 16:30:00,13.8537,16.913,65.231,66.0357,66.5907,67.376,68.9507,17.043,17.0567,17.0693,16.996,16.883,4.1182,223.8539,3.5957,227.7544,3.2303,230.7643,3.0593,227.1843,2.6162,224.6896
2025-09-16 17:00:00,13.841,17.448,64.587,65.4883,66.1373,66.9903,68.6383,16.974,16.9307,16.8833,16.759,16.5463,4.775,211.7811,4.2055,216.8972,3.768,220.6977,3.5426,217.1531,3.0271,216.5911
2025-09-16 17:30:00,13.5437,16.9673,66.7467,67.841,68.7997,69.7637,71.6417,16.4323,16.3267,16.204,16.0117,15.7063,3.7057,209.2031,3.2377,214.9454,2.8498,218.9415,2.6734,216.5694,2.2451,214.8086
2025-09-16 18:00:00,12.8663,15.84,69.5077,70.503,71.3043,72.2567,74.1153,15.9297,15.8227,15.7173,15.5243,15.2307,3.6534,202.1916,3.2072,207.5304,2.8599,211.5594,2.6658,207.509,2.2246,207.9293
2025-09-16 18:30:00,12.786,15.1057,69.5833,70.542,71.259,72.171,73.8907,15.919,15.8337,15.7527,15.576,15.324,3.3455,202.6613,2.9215,209.5874,2.6038,214.2493,2.4387,210.9806,2.0218,209.1312
2025-09-16 19:00:00,12.7727,14.8243,69.8203,70.751,71.4963,72.4187,74.1373,15.9477,15.8607,15.7827,15.607,15.3567,3.222,198.4719,2.8612,201.9202,2.5391,208.8097,2.357,204.7916,1.9164,204.3077
2025-09-16 19:30:00,12.7687,14.5427,70.6353,71.6543,72.5717,73.665,75.6773,15.704,15.59,15.4487,15.216,14.859,2.7116,192.9333,2.3868,196.9475,2.1277,202.5706,1.963,199.8213,1.4338,198.2435
2025-09-16 20:00:00,12.761,13.8057,72.3457,73.5757,74.9937,76.5623,79.2287,15.313,15.138,14.868,14.5213,13.9953,2.1632,191.4398,1.8439,197.1721,1.5734,202.4656,1.4034,201.0523,0.7402,200.6129
2025-09-16 20:30:00,12.7537,13.101,74.306,75.623,77.2047,78.834,81.2937,14.9227,14.765,14.4797,14.164,13.7083,2.0301,182.0625,1.7422,185.8373,1.458,190.7782,1.2956,188.8351,0.5839,187.9496
2025-09-16 21:00:00,12.7453,12.648,75.611,76.8273,78.1157,79.568,81.9033,14.6617,14.546,14.3233,14.0293,13.6067,2.1434,181.5874,1.8444,186.8272,1.5754,191.3901,1.4127,188.9985,0.7337,188.3189
2025-09-16 21:30:00,12.74,12.542,76.6617,77.7013,78.7253,79.9977,81.8067,14.5197,14.4563,14.305,14.0803,13.8017,2.5397,179.9937,2.2231,184.2081,1.9197,188.7487,1.7342,186.9165,1.1287,186.7402
2025-09-16 22:00:00,12.7323,12.5423,77.7867,78.674,79.5283,80.5643,82.3467,14.5237,14.453,14.3103,14.098,13.77,2.9555,183.4086,2.5963,189.1489,2.2533,194.5446,2.0665,191.6424,1.5482,190.9235
2025-09-16 22:30:00,12.7257,12.5707,82.4133,83.0833,83.63,84.4233,85.8133,14.6517,14.6357,14.5607,14.3997,14.159,3.2039,183.8824,2.8265,187.6635,2.5282,192.035,2.3398,190.5836,1.8683,191.0327
2025-09-16 23:00:00,12.72,12.888,84.9067,85.6,86.1333,86.83,87.9533,14.6037,14.5797,14.484,14.332,14.0993,3.2969,181.7838,2.9359,185.3241,2.5611,191.2538,2.3603,188.3468,1.8849,186.5594
2025-09-16 23:30:00,12.7117,12.8233,85.4967,86.1967,86.9033,87.7467,89.16,14.4603,14.4203,14.289,14.1067,13.8193,3.0722,185.4411,2.7621,189.2751,2.4507,194.5512,2.2734,191.6761,1.7551,190.8819
2025-09-17 00:00:00,12.7063,12.646,85.75,86.55,87.1933,88.0367,89.59,14.4033,14.3393,14.1917,13.9777,13.6273,2.423,191.9207,2.1273,198.9226,1.8799,202.5243,1.7165,201.4239,1.142,201.9622
2025-09-17 00:30:00,12.7,12.3853,86.92,87.71,88.43,89.3367,90.8767,14.2943,14.2103,14.0347,13.794,13.409,2.1982,188.699,1.9509,195.1843,1.7017,200.3166,1.5473,198.348,0.9467,197.7982
2025-09-17 01:00:00,12.6933,12.0733,87.39,88.24,89.1033,90.1033,91.74,14.1163,14.0067,13.7773,13.4923,13.057,2.0101,184.5631,1.6839,190.6081,1.4145,195.5909,1.2594,193.177,0.6305,191.6354
2025-09-17 01:30:00,12.689,11.7317,89.0367,89.9967,90.82,91.79,93.1967,13.8103,13.697,13.4763,13.1737,12.7587,1.7429,183.4403,1.4206,188.9926,1.1804,195.1849,1.0475,192.6235,0.3852,190.607
2025-09-17 02:00:00,12.6813,11.73,88.25,88.9933,89.6733,90.61,92.12,14.0503,14.022,13.9327,13.766,13.5333,2.2109,188.8961,1.928,194.4474,1.6758,198.2973,1.5279,197.9424,0.9687,198.3519
2025-09-17 02:30:00,12.677,12.023,87.1833,87.99,88.66,89.5467,90.8533,14.179,14.1077,13.924,13.6707,13.3063,1.8653,182.3794,1.6216,187.4741,1.3925,192.5074,1.252,189.5598,0.5701,187.2929
2025-09-17 03:00:00,12.67,11.7123,89.3367,90.2733,91.0967,92.09,93.53,13.669,13.5607,13.3287,13.0147,12.5833,1.722,184.4091,1.4236,189.6828,1.1695,195.8414,1.0068,193.0652,0.3635,195.7527
2025-09-17 03:30:00,12.6643,11.5337,89.5267,90.32,90.9633,91.81,93.2633,13.5353,13.481,13.3703,13.1473,12.832,2.0055,182.006,1.7553,186.8623,1.5401,192.7243,1.3916,189.8682,0.809,190.4426
2025-09-17 04:00:00,12.6597,11.723,89.9467,90.6067,91.09,91.7833,92.95,13.5053,13.5037,13.4487,13.3077,13.1273,2.4067,181.7007,2.1473,187.1264,1.8884,190.3203,1.749,188.3618,1.2135,187.186
2025-09-17 04:30:00,12.652,11.9433,90.5133,91.21,91.6167,92.2433,93.2433,13.3533,13.32,13.2437,13.0537,12.831,2.1858,179.7264,1.9369,184.6508,1.6945,188.5348,1.5445,186.5567,0.9166,186.1601
2025-09-17 05:00:00,12.649,11.794,91.8167,92.51,92.94,93.59,94.51,13.0453,12.994,12.899,12.697,12.4667,2.4088,175.7679,2.1371,181.5647,1.8836,187.1618,1.7355,184.1528,1.1793,183.012
2025-09-17 05:30:00,12.6443,11.6827,91.44,92.1067,92.6,93.32,94.2367,13.0663,13.0417,12.9743,12.777,12.602,2.3121,174.6602,2.0016,178.0138,1.7316,182.9272,1.5904,181.1631,1.0003,180.8129
2025-09-17 06:00:00,12.7133,11.8353,90.5533,91.2267,91.7,92.4067,93.41,13.339,13.3393,13.3133,13.159,13.0253,2.5691,167.1469,2.2479,168.2927,1.984,170.7419,1.8154,169.2862,1.2901,167.2198
2025-09-17 06:30:00,12.8807,12.1987,89.1833,89.86,90.32,91.0467,92.14,13.5363,13.5637,13.552,13.4383,13.318,2.381,179.4853,2.0737,183.598,1.8339,188.1472,1.6967,185.7513,1.1486,183.4936
2025-09-17 07:00:00,12.985,12.6083,88.1633,88.86,89.3133,89.9167,91.0033,13.6877,13.7123,13.701,13.634,13.521,2.5373,174.5254,2.2614,177.42,1.9972,180.683,1.8502,180.1186,1.3243,179.2294
2025-09-17 07:30:00,13.038,12.8753,88.5033,89.2333,89.73,90.43,91.4667,13.6953,13.72,13.7233,13.618,13.527,2.7015,169.9478,2.3877,172.6634,2.1074,176.3017,1.9343,174.5785,1.4284,173.7417
2025-09-17 08:00:00,13.2693,13.1733,88.0533,88.7,89.17,89.8333,90.9633,14.0063,14.0503,14.0537,13.9893,13.8973,2.9165,172.6612,2.6514,175.7,2.3326,178.3538,2.1455,174.6285,1.605,173.6872
2025-09-17 08:30:00,13.332,13.49,88.2633,88.8233,89.17,89.7167,90.82,14.1543,14.192,14.2197,14.167,14.0603,2.9894,161.8919,2.7244,163.7271,2.4509,166.8645,2.2817,162.9102,1.7799,161.0955
2025-09-17 09:00:00,13.855,13.843,89.3367,89.8567,90.2333,90.8567,91.8333,14.0793,14.1473,14.2157,14.199,14.164,3.5883,166.8932,3.2251,168.9586,2.8938,171.9214,2.6519,168.7375,2.1368,168.3897
2025-09-17 09:30:00,14.259,14.2767,88.9633,89.47,89.8633,90.48,91.62,14.3153,14.406,14.4933,14.474,14.461,3.4476,166.37,3.1297,167.8124,2.7758,170.5769,2.5706,168.3509,2.0735,167.2987
2025-09-17 10:00:00,14.273,14.847,87.91,88.4333,88.78,89.3533,90.4867,14.724,14.8323,14.9423,14.9393,14.9607,3.4834,169.7523,3.134,172.522,2.7534,176.4349,2.5412,173.3541,2.0765,172.8921
2025-09-17 10:30:00,14.2713,15.2023,88.1033,88.71,89.08,89.7533,90.9033,14.7507,14.8327,14.9263,14.8977,14.8997,3.1667,164.0549,2.8265,165.1418,2.5219,167.1381,2.3259,165.5825,1.8509,164.3662
2025-09-17 11:00:00,14.2603,15.509,86.5033,87.0067,87.2933,87.92,89.1367,15.0213,15.1037,15.1947,15.169,15.1627,3.1173,159.4449,2.8396,160.2811,2.5489,164.0143,2.3533,161.512,1.8524,161.8786
2025-09-17 11:30:00,14.1353,15.582,83.9067,84.5267,85.05,85.8067,87.21,15.1483,15.1963,15.2603,15.2113,15.1647,4.207,164.7752,3.8094,167.0363,3.3967,169.9948,3.146,166.9011,2.5569,165.5573
2025-09-17 12:00:00,13.873,15.475,88.13,88.7233,89.08,89.68,90.71,14.62,14.7073,14.7753,14.7443,14.7397,3.2,153.0699,2.9049,156.2776,2.5539,156.9263,2.3518,154.764,1.8694,154.7258
2025-09-17 12:30:00,13.855,15.7127,87.6033,88.0267,88.1333,88.6833,89.7867,15.025,15.1237,15.2457,15.2493,15.3327,2.8782,142.6478,2.646,144.1443,2.396,147.5638,2.229,146.036,1.8056,147.0208
2025-09-17 13:00:00,13.8443,16.134,84.9267,85.4667,85.52,86.0467,87.3667,15.4823,15.553,15.6537,15.6377,15.65,2.6852,151.0868,2.4093,152.8321,2.1641,154.9754,2.0201,152.6804,1.5721,149.9016
2025-09-17 13:30:00,13.83,16.6143,82.63,83.07,83.2033,83.6433,84.8633,15.939,15.997,16.1187,16.1233,16.137,3.3588,152.42,3.0415,153.5268,2.7279,155.7343,2.5467,152.0369,2.0789,151.7833
2025-09-17 14:00:00,13.8247,17.004,79.2193,79.7863,80.287,80.9163,82.3633,16.3837,16.4307,16.4817,16.43,16.354,4.0903,159.2854,3.7159,158.7148,3.3263,163.2508,3.0698,162.1595,2.5123,161.1751
2025-09-17 14:30:00,13.8407,16.8117,78.7387,79.462,80.0803,80.9013,82.53,16.334,16.3503,16.3677,16.2947,16.1443,4.0999,164.953,3.7166,166.303,3.3043,169.0558,3.0456,167.0785,2.4877,165.6779
2025-09-17 15:00:00,13.8647,16.2333,85.6833,86.3967,87.1333,88.1067,89.25,15.4697,15.4973,15.4833,15.369,15.2667,4.177,170.2041,3.7281,174.1633,3.2987,175.6498,3.0339,172.9626,2.4853,172.8645
2025-09-17 15:30:00,13.8743,15.587,89.0,89.6867,90.0967,90.95,91.81,15.0647,15.099,15.108,15.005,14.9657,2.6292,160.1726,2.3487,163.6169,2.1336,165.2398,1.992,162.8351,1.5763,163.7412
2025-09-17 16:00:00,13.893,15.161,89.0167,89.6467,89.99,90.8233,91.8,15.0527,15.0733,15.097,14.9813,14.9,2.4267,152.5989,2.1874,151.8614,1.9883,154.6626,1.8507,151.8724,1.4142,151.0747
2025-09-17 16:30:00,13.8967,14.9373,87.5533,88.2267,88.4833,89.4867,90.4733,15.3377,15.353,15.3707,15.25,15.1783,2.4435,150.8838,2.2353,152.6055,2.029,153.3552,1.8853,150.4367,1.433,149.8256
2025-09-17 17:00:00,13.1143,14.865,83.9133,84.8933,85.19,86.94,88.1967,15.8897,15.8563,15.8643,15.6477,15.531,2.6667,155.2313,2.3949,158.0868,2.1708,158.1693,2.0046,154.5947,1.5493,155.9183
2025-09-17 17:30:00,12.9353,14.9463,80.346,81.3267,81.8633,83.86,84.9567,16.4933,16.4553,16.4203,16.1557,16.0343,3.3769,161.6865,2.9873,161.7273,2.6351,165.3742,2.4106,163.6386,1.9295,162.7125
2025-09-17 18:00:00,12.872,15.1553,78.846,79.681,80.563,82.53,83.8067,16.9273,16.8867,16.8157,16.539,16.3683,3.9161,167.597,3.5101,170.1019,3.043,173.2902,2.7758,171.3889,2.264,170.6445
2025-09-17 18:30:00,12.8523,15.3033,81.427,82.4,83.2767,84.8133,86.36,16.832,16.7743,16.7067,16.5047,16.2903,3.3324,177.5047,2.9733,181.1371,2.6338,185.7245,2.4274,183.4126,1.955,182.6659
2025-09-17 19:00:00,12.836,15.3127,90.0767,90.81,91.2033,91.9233,92.7533,16.126,16.113,16.087,15.972,15.8473,3.0528,180.0327,2.732,184.1366,2.4448,189.1702,2.2764,185.593,1.8411,185.2814
2025-09-17 19:30:00,12.821,15.3307,91.2233,91.8467,92.2433,93.0833,94.02,16.2127,16.2073,16.2,16.0547,15.942,3.2416,183.3201,2.9004,189.0283,2.5763,194.4222,2.3884,190.518,1.9615,189.2066
2025-09-17 20:00:00,12.8043,15.433,87.3567,88.0133,88.6,89.5167,91.1133,16.8113,16.7993,16.7637,16.6177,16.4187,4.5076,186.5269,4.0365,190.8086,3.6177,195.6423,3.3673,191.362,2.803,190.7927
2025-09-17 20:30:00,12.79,15.584,88.8067,89.3133,89.59,90.2333,91.7133,16.723,16.7203,16.7053,16.606,16.4007,4.2388,183.1231,3.8157,189.1753,3.4296,193.1446,3.1839,189.584,2.6419,188.5385
2025-09-17 21:00:00,12.776,15.7267,89.3967,89.9,90.1533,90.7367,92.0533,16.7007,16.6963,16.6943,16.6057,16.4013,4.29,186.7655,3.8272,192.248,3.4537,195.4635,3.2081,192.6943,2.673,192.779
2025-09-17 21:30:00,12.7633,15.824,89.6267,90.1,90.3833,91.0067,92.2533,16.7113,16.7213,16.709,16.6137,16.426,3.5541,184.6697,3.1787,188.6076,2.859,192.6006,2.6495,189.9157,2.19,190.3141
2025-09-17 22:00:00,12.7487,15.8857,88.8667,89.48,89.8633,90.58,91.88,16.875,16.8703,16.851,16.7407,16.561,3.4564,186.1533,3.0698,190.681,2.749,196.0057,2.5493,192.5357,2.1,193.2678
2025-09-17 22:30:00,12.7353,15.9533,87.4033,88.0167,88.5133,89.32,90.8967,17.2023,17.1883,17.153,17.0347,16.823,3.9805,188.1614,3.5398,193.4462,3.1889,197.3816,2.9875,195.337,2.474,194.2284
2025-09-17 23:00:00,12.7243,16.0723,85.3433,86.0667,86.59,87.44,89.2733,17.585,17.5627,17.5193,17.3933,17.1457,3.7471,192.0147,3.3122,196.5745,2.9376,201.437,2.729,199.7285,2.2551,197.6679
2025-09-17 23:30:00,12.7123,16.2557,86.35,86.95,87.3967,88.15,89.6667,17.6493,17.6393,17.6093,17.4843,17.257,4.243,194.4507,3.8211,198.1321,3.4544,202.2077,3.2205,199.859,2.6621,199.122
2025-09-18 00:00:00,12.702,16.3933,86.5933,87.3367,87.8267,88.6533,90.0467,17.704,17.6833,17.6497,17.522,17.315,3.9335,196.5609,3.4657,200.6208,3.1101,205.5464,2.894,202.2002,2.4084,201.3876
2025-09-18 00:30:00,12.6937,16.5023,84.5067,85.22,85.75,86.5633,88.0933,18.0087,17.978,17.9397,17.7973,17.58,4.2684,191.0733,3.8028,196.265,3.3788,200.979,3.1397,197.29,2.6273,197.6481
2025-09-18 01:00:00,12.684,16.661,83.3233,84.04,84.5767,85.33,86.85,18.1933,18.1613,18.1163,17.992,17.7573,3.7865,194.1053,3.3553,199.0407,3.0001,204.6028,2.7937,202.419,2.3204,200.0329
2025-09-18 01:30:00,12.678,16.874,82.61,83.2933,83.8167,84.56,85.9667,18.3997,18.3647,18.312,18.178,17.9733,4.1302,191.6699,3.6482,194.7804,3.2451,197.0208,2.9964,194.8626,2.4994,194.6732
2025-09-18 02:00:00,12.67,17.1353,82.08,82.65,83.0667,83.7233,85.04,18.519,18.4947,18.4873,18.3317,18.1457,5.1322,194.0004,4.6086,198.8102,4.1341,203.334,3.8309,200.9084,3.1937,199.7522
2025-09-18 02:30:00,12.667,17.372,81.4033,81.9267,82.25,82.87,84.17,18.546,18.5233,18.5233,18.3813,18.1997,5.5076,193.3135,4.9647,196.7962,4.4407,202.5083,4.138,198.9719,3.4738,198.3094
2025-09-18 03:00:00,12.66,17.5423,82.1867,82.6967,82.9833,83.52,84.6633,18.4543,18.441,18.4263,18.3017,18.1143,4.8416,193.7064,4.3418,197.7033,3.9102,202.3608,3.6269,200.22,3.0291,200.5916
2025-09-18 03:30:00,12.659,17.6147,84.1467,84.68,84.9367,85.45,86.46,18.3587,18.3467,18.3307,18.218,18.0353,4.4366,194.6501,3.9688,200.5498,3.5319,204.2587,3.2695,202.511,2.7257,201.4712
2025-09-18 04:00:00,12.6513,17.642,85.3467,85.86,86.08,86.5333,87.4633,18.327,18.315,18.3113,18.2123,18.0407,4.3462,200.7561,3.847,205.2424,3.4535,209.6839,3.2377,207.5339,2.7279,206.1701
2025-09-18 04:30:00,12.65,17.6693,85.7333,86.2567,86.4967,86.97,87.96,18.3307,18.3193,18.3117,18.2077,18.0387,4.3856,199.1239,3.8821,205.1183,3.4618,208.7763,3.2142,206.8332,2.6852,206.4515
2025-09-18 05:00:00,12.6477,17.5987,88.6267,89.15,89.4167,89.9133,90.7933,18.0457,18.0453,18.0347,17.938,17.7787,4.2199,192.1637,3.7403,198.6271,3.3381,203.1718,3.1012,199.6458,2.5639,197.8074
2025-09-18 05:30:00,12.64,17.391,91.5167,92.09,92.43,93.0267,93.9333,17.7553,17.757,17.751,17.6557,17.4897,3.4696,192.2961,3.0918,197.0386,2.7673,200.9309,2.5715,198.6619,2.119,195.5022
2025-09-18 06:00:00,12.641,17.2267,91.7133,92.2567,92.5533,93.1533,94.1167,17.745,17.7463,17.748,17.65,17.4823,3.1732,191.4756,2.8204,196.1254,2.541,200.5784,2.3694,197.6219,1.9489,196.7406
2025-09-18 06:30:00,12.6517,17.1597,89.58,90.2033,90.4967,91.3567,92.5567,17.9447,17.9347,17.945,17.803,17.631,3.4163,190.2735,3.0661,195.4705,2.7542,199.6527,2.5591,197.3776,2.1181,197.4409
2025-09-18 07:00:00,12.6827,17.177,87.7,88.2967,88.65,89.65,90.9533,18.1303,18.137,18.1253,17.9763,17.778,3.5239,189.6966,3.0957,193.3945,2.7584,196.3037,2.5576,193.6434,2.0783,192.7301
2025-09-18 07:30:00,12.7777,17.3193,86.5133,87.1767,87.51,88.29,89.6267,18.275,18.2663,18.2783,18.1483,17.9877,4.1326,194.8144,3.6611,198.9222,3.2619,203.8111,3.0336,200.9442,2.5284,200.4314
2025-09-18 08:00:00,13.0347,17.6127,85.5833,86.17,86.5133,87.1867,88.2867,18.377,18.3813,18.382,18.285,18.1653,3.614,191.2361,3.1998,195.4613,2.8481,200.7661,2.6266,199.5751,2.1682,198.6886
2025-09-18 08:30:00,13.0497,17.8433,87.62,88.2333,88.5133,89.0667,90.0333,18.178,18.1693,18.196,18.1087,17.9797,3.9795,192.7606,3.5119,197.0848,3.1338,202.526,2.9282,200.2985,2.4613,199.4814
2025-09-18 09:00:00,13.1283,17.8103,89.6667,90.2533,90.6833,91.3367,92.3233,17.9707,17.9883,18.0047,17.9087,17.7773,4.0779,185.0241,3.6643,188.9243,3.2458,193.9622,2.9973,190.7266,2.4613,191.3246
2025-09-18 09:30:00,13.1383,17.795,92.4867,92.9567,93.17,93.6067,94.3233,17.762,17.7827,17.8267,17.769,17.678,3.2562,184.9213,2.9603,190.5018,2.6909,195.3021,2.492,193.2874,2.029,191.5898
2025-09-18 10:00:00,13.3417,18.0507,91.3767,91.8333,92.0667,92.58,93.5033,17.9633,18.0013,18.0663,18.0323,17.9697,3.7384,180.4982,3.378,185.2228,2.9992,190.3907,2.7629,187.3752,2.2266,188.8585
2025-09-18 10:30:00,13.3783,18.4427,89.31,89.7867,89.96,90.5267,91.3633,18.2623,18.3023,18.3833,18.3243,18.2933,4.2295,174.8453,3.8196,177.8818,3.3819,182.0964,3.1088,178.4252,2.5576,178.4549
2025-09-18 11:00:00,13.4383,18.8897,88.5033,89.0067,89.24,89.7,90.62,18.5297,18.5627,18.6153,18.5593,18.5163,3.9072,184.7267,3.5559,191.6842,3.16,195.9286,2.9337,193.3963,2.4402,192.827
2025-09-18 11:30:00,13.8583,19.1447,88.5933,89.1433,89.4633,90.01,90.9767,18.6623,18.6947,18.7497,18.6957,18.6643,4.0992,187.9291,3.665,193.1867,3.2745,199.3293,3.0258,197.6436,2.5312,198.1162
2025-09-18 12:00:00,13.638,19.466,85.0867,85.59,85.93,86.3733,87.3767,19.087,19.109,19.1423,19.0877,19.034,4.2867,196.961,3.7804,201.8958,3.3991,207.4384,3.18,205.239,2.6504,205.8369
2025-09-18 12:30:00,14.1333,19.7093,83.5533,84.1167,84.42,84.93,86.0567,19.3813,19.392,19.4393,19.3773,19.2897,3.819,186.8445,3.4254,189.4749,3.048,195.2011,2.8307,192.6599,2.3688,191.983
2025-09-18 13:00:00,14.116,20.0727,82.1967,82.7933,83.22,83.7967,85.0067,19.6633,19.6753,19.7133,19.6667,19.5617,4.025,178.3434,3.6103,181.4274,3.2035,185.7041,2.9703,182.4451,2.455,182.5145
2025-09-18 13:30:00,14.1127,20.479,81.4667,82.0233,82.2967,82.7567,84.03,19.9187,19.9643,20.0583,20.0657,20.0017,4.5311,171.4255,4.0912,174.0066,3.628,177.6698,3.3416,176.2689,2.7516,175.4329
2025-09-18 14:00:00,14.0653,21.3963,79.663,80.2593,80.5917,80.999,82.2033,20.3177,20.3597,20.4473,20.4833,20.396,4.9904,172.4928,4.4435,176.0391,3.9207,180.1566,3.5968,177.3755,2.9557,176.2508
2025-09-18 14:30:00,13.725,21.541,79.19,79.8747,80.337,80.9167,82.2167,20.3173,20.316,20.314,20.269,20.1357,4.3667,174.4165,3.9426,178.1104,3.4444,183.7675,3.1547,181.6764,2.5683,180.971
2025-09-18 15:00:00,13.7077,21.298,78.5217,79.1627,79.6057,80.1957,81.4967,20.3257,20.3087,20.3087,20.248,20.0767,4.3233,179.0308,3.9141,182.1602,3.4908,185.8201,3.2172,182.6597,2.6453,181.337
2025-09-18 15:30:00,13.1717,21.057,77.6043,78.2477,78.6723,79.3043,80.6063,20.342,20.3417,20.315,20.239,20.0703,3.9455,185.8675,3.5406,191.8348,3.151,198.7412,2.9169,195.5085,2.4119,196.0988
2025-09-18 16:00:00,12.9503,20.8403,77.6143,78.2363,78.6973,79.297,80.6417,20.3367,20.325,20.2937,20.2217,20.0387,3.2767,184.0989,2.9441,187.647,2.6355,193.2371,2.4213,191.313,1.9323,190.9539
2025-09-18 16:30:00,12.8617,20.691,77.4507,78.0307,78.4903,79.1723,80.5127,20.3417,20.3333,20.2923,20.2097,20.0127,3.4714,186.2328,3.1249,190.8433,2.7764,196.6045,2.5591,192.51,2.0671,192.6448
2025-09-18 17:00:00,12.7707,20.4817,77.9637,78.6203,79.0517,79.6947,81.0083,20.2457,20.2047,20.185,20.076,19.8797,3.1698,189.8852,2.8331,194.0333,2.5053,199.9174,2.3074,196.9764,1.8692,195.6985
2025-09-18 17:30:00,12.717,20.23,78.8023,79.42,79.8597,80.4573,81.7133,20.142,20.1043,20.0763,19.9713,19.7537,3.1676,188.4818,2.8089,193.3813,2.4844,198.0116,2.3032,195.2613,1.8613,195.4506
2025-09-18 18:00:00,12.667,19.9557,79.777,80.4343,80.8523,81.4267,82.6867,19.9827,19.9453,19.9013,19.7867,19.571,2.5822,185.723,2.2869,190.4599,2.0406,196.1056,1.8905,194.8511,1.4539,193.807
2025-09-18 18:30:00,12.627,19.693,81.0367,81.5767,81.96,82.5733,83.76,19.7863,19.7643,19.7243,19.6043,19.394,3.0177,187.6675,2.7229,193.1721,2.4117,196.9505,2.2211,194.5002,1.7751,194.1077
2025-09-18 19:00:00,12.593,19.4873,80.3657,80.88,81.2,81.7333,82.7833,19.5607,19.5457,19.532,19.4077,19.2213,4.5337,194.0159,4.0404,197.5683,3.5722,203.1119,3.312,200.4213,2.7494,199.7059
2025-09-18 19:30:00,12.566,19.2607,79.6757,80.2457,80.59,81.1667,82.24,19.282,19.253,19.23,19.111,18.9233,3.8682,195.9614,3.4722,201.3348,3.0748,206.0148,2.8352,203.6097,2.3596,201.7953
2025-09-18 20:00:00,12.5473,19.036,79.937,80.546,80.86,81.4067,82.5467,19.0777,19.0437,19.0423,18.9047,18.725,3.1837,194.7179,2.8287,198.504,2.5179,203.2214,2.3287,200.3895,1.884,199.8027
2025-09-18 20:30:00,12.5353,18.8523,79.7237,80.2773,80.6233,81.2267,82.42,19.0327,19.0033,18.9787,18.8393,18.6417,3.1277,190.3103,2.7756,194.4761,2.4994,199.2778,2.3196,197.6466,1.8685,197.325
2025-09-18 21:00:00,12.5263,18.7147,79.547,80.1273,80.5543,81.1633,82.36,19.0017,18.9723,18.938,18.8013,18.6067,2.832,191.9141,2.5121,195.46,2.2065,200.0609,2.0188,197.9039,1.5708,197.8007
2025-09-18 21:30:00,12.5167,18.5877,80.9067,81.49,81.87,82.4733,83.6233,18.865,18.8273,18.8097,18.6697,18.4877,2.5406,186.4481,2.2673,191.0673,1.9898,196.0907,1.8158,193.5278,1.3443,192.3264
2025-09-18 22:00:00,12.507,18.3283,83.09,83.79,84.3533,85.11,86.4367,18.6103,18.5507,18.4887,18.31,18.072,2.0319,184.6706,1.7838,189.1286,1.5427,193.4321,1.3955,191.9656,0.7938,190.3058
2025-09-18 22:30:00,12.496,18.1697,84.0,84.6233,84.9967,85.5933,86.6533,18.607,18.566,18.547,18.4097,18.2387,2.6543,172.9205,2.3241,176.5053,2.0406,180.1517,1.8738,177.6006,1.3578,176.689
2025-09-18 23:00:00,12.4863,18.159,81.4933,82.05,82.5033,83.15,84.2867,18.694,18.66,18.614,18.482,18.2917,3.1628,176.5299,2.8688,180.6367,2.514,185.4064,2.3015,182.8609,1.7958,182.683
2025-09-18 23:30:00,12.4777,18.1243,81.0167,81.65,82.1067,82.7567,83.9933,18.526,18.4903,18.4543,18.3073,18.1047,2.7653,181.9335,2.4755,186.4151,2.1734,192.0088,1.9833,188.9248,1.4702,187.2047
2025-09-19 00:00:00,12.4673,17.7593,82.6167,83.5233,84.2567,85.1833,86.72,18.0567,17.946,17.8027,17.589,17.2333,2.4596,178.7943,2.1418,182.4881,1.8494,187.0881,1.6725,185.62,1.0767,184.7594
2025-09-19 00:30:00,12.457,16.7473,84.83,85.94,87.0733,88.2367,89.7833,17.3823,17.2063,16.9437,16.635,16.215,1.7821,170.6111,1.4968,174.8088,1.22,178.8885,1.0826,176.3976,0.4173,174.169
2025-09-19 01:00:00,12.447,15.702,85.8433,87.0067,88.3,89.6933,91.32,16.9213,16.7403,16.4437,16.064,15.615,1.94,169.0335,1.6042,171.2355,1.3134,175.1666,1.1446,174.5788,0.5164,171.5175
2025-09-19 01:30:00,12.4377,15.0043,85.64,86.69,87.8367,89.16,90.7567,16.728,16.567,16.2977,15.9587,15.5433,1.7993,166.9736,1.5384,171.8131,1.3064,176.0345,1.137,175.9676,0.4889,174.6127
2025-09-19 02:00:00,12.427,14.5163,85.6,86.74,87.87,89.08,90.82,16.4597,16.2787,16.014,15.6823,15.199,1.6479,172.9097,1.3258,177.0459,1.0834,179.0876,0.9358,178.389,0.3454,173.3681
2025-09-19 02:30:00,12.4183,14.0323,85.8767,87.1167,88.34,89.6167,91.7767,16.197,15.9823,15.6733,15.318,14.731,1.4931,176.6698,1.1732,182.5379,0.9351,188.7998,0.7884,187.2721,0.2245,188.6528
2025-09-19 03:00:00,12.408,13.645,85.95,87.1,88.27,89.5267,91.4,16.0203,15.8313,15.544,15.191,14.6797,1.4761,169.0638,1.1636,174.1329,0.9484,178.1456,0.8258,176.9419,0.2461,175.2159
2025-09-19 03:30:00,12.3987,13.3623,86.7433,87.78,88.74,89.9233,91.59,15.8803,15.717,15.4817,15.149,14.6403,1.2592,165.3773,1.0201,169.4599,0.8398,173.6115,0.7056,172.0667,0.2036,169.9894
2025-09-19 04:00:00,12.3893,13.0227,88.14,89.2733,90.32,91.4933,93.2367,15.621,15.4257,15.1217,14.7327,14.0817,0.7498,131.408,0.5758,129.4063,0.4207,126.2965,0.2777,124.2555,0.0518,121.4815
2025-09-19 04:30:00,12.3793,12.5317,90.5933,92.43,93.7067,94.5267,95.6833,15.1853,14.803,14.237,13.7477,12.9713,0.7875,95.1742,0.7119,80.6454,0.5693,75.7925,0.4223,75.2061,0.0971,64.3357
2025-09-19 05:00:00,12.37,12.01,93.5833,94.88,96.45,97.69,98.7533,14.518,14.3613,13.925,13.412,12.458,0.9454,89.8385,0.8493,76.0594,0.7853,69.4142,0.7065,66.76,0.1879,59.7395
2025-09-19 05:30:00,12.362,11.8167,94.57,95.36,95.85,96.67,98.38,14.2777,14.204,14.0507,13.7787,13.1097,0.9123,98.5495,0.7572,87.3659,0.6568,80.9487,0.5767,77.5994,0.1357,70.9014
2025-09-19 06:00:00,12.3857,11.7533,95.4267,96.24,96.6,97.1933,98.47,14.215,14.15,13.9913,13.7533,13.1463,0.7988,90.2731,0.6625,81.4314,0.6133,76.4249,0.5279,74.1611,0.1265,67.1692
2025-09-19 06:30:00,12.532,12.208,94.3733,94.7033,94.8333,95.49,96.7933,14.6247,14.6493,14.6113,14.4553,14.2403,0.7823,114.952,0.6649,110.4367,0.5762,106.6204,0.5011,102.3762,0.1577,96.3305
2025-09-19 07:00:00,12.8067,13.7523,92.2633,92.5633,92.47,92.88,93.64,15.3897,15.448,15.5263,15.464,15.464,1.1122,112.1539,0.9846,111.8973,0.8957,110.4816,0.7949,108.8604,0.3879,107.642
2025-09-19 07:30:00,12.9917,15.3097,91.8067,92.1467,92.1533,92.5267,93.3033,15.82,15.8803,15.9807,15.95,15.9953,1.5048,111.553,1.3648,111.4309,1.2235,112.227,1.1253,109.8029,0.6603,106.6126
2025-09-19 08:00:00,13.1773,16.5827,89.9,90.2933,90.41,90.8867,91.7567,16.4503,16.5507,16.6937,16.6893,16.8013,1.7951,111.0924,1.6072,112.3669,1.4589,115.8747,1.3474,113.3707,0.8587,109.9816
2025-09-19 08:30:00,13.3747,18.0177,86.63,86.9933,87.1833,87.76,88.73,17.2183,17.3177,17.4807,17.522,17.6733,2.4446,107.6815,2.2455,108.6439,1.9829,109.8527,1.8189,106.7697,1.3452,106.0909
2025-09-19 09:00:00,13.9213,19.9773,82.3967,82.6353,82.661,83.1957,83.8873,18.37,18.5277,18.7583,18.8217,19.1357,2.6963,113.0433,2.4674,113.7225,2.2263,117.2807,2.0685,113.1153,1.6257,111.443
2025-09-19 09:30:00,13.9233,23.037,76.0093,76.2783,76.2383,76.7317,77.7357,19.6583,19.7987,20.0443,20.1303,20.3897,2.5879,125.6497,2.3736,125.8243,2.1255,130.1177,1.975,127.8757,1.6205,127.3934
2025-09-19 10:00:00,13.915,25.6763,72.016,72.429,72.4533,73.08,74.141,20.547,20.7067,20.974,21.0753,21.3457,2.7621,118.6019,2.526,119.7101,2.2555,125.103,2.0994,121.3204,1.6906,118.4648
2025-09-19 10:30:00,13.9363,27.586,70.2537,70.6893,70.859,71.5447,72.5237,21.0537,21.1993,21.4547,21.5343,21.8657,3.3388,113.2159,3.0367,115.0247,2.6952,117.1865,2.4953,111.613,2.006,110.1655
2025-09-19 11:00:00,13.9323,28.1717,68.1903,68.6103,68.899,69.679,70.696,21.6257,21.754,22.0237,22.127,22.4633,3.3085,112.2335,3.0676,112.8142,2.744,115.0137,2.5206,111.9525,2.0595,110.9645
2025-09-19 11:30:00,13.7093,28.258,67.1317,67.5627,67.873,68.6387,69.7463,22.141,22.2517,22.503,22.5957,22.925,3.6828,100.8249,3.3758,100.7822,3.0269,102.3836,2.7847,99.0576,2.2503,97.6168
2025-09-19 12:00:00,13.528,28.065,66.5803,67.138,67.4713,68.287,69.5487,22.535,22.6517,22.869,22.9377,23.1787,3.533,111.9254,3.2351,110.7471,2.893,114.7518,2.6747,111.7441,2.1547,109.1813
2025-09-19 12:30:00,13.5123,28.1573,65.5637,66.0927,66.5487,67.4743,68.9833,22.886,22.9743,23.15,23.2023,23.3763,3.7848,109.6982,3.4226,109.3695,3.0731,112.8366,2.8488,109.252,2.2984,107.0759
2025-09-19 13:00:00,13.493,28.8047,63.5293,64.001,64.5653,65.551,67.163,23.483,23.5863,23.7673,23.8307,24.0023,3.8867,112.0405,3.5006,111.5727,3.1253,115.5853,2.8893,111.6305,2.3374,110.2967
2025-09-19 13:30:00,13.4977,29.8447,61.4933,61.9977,62.6007,63.5443,65.1057,23.9017,23.9743,24.1457,24.18,24.3567,3.5086,109.3848,3.2362,108.8654,2.8736,110.9048,2.6449,107.5491,2.1253,105.9726
2025-09-19 14:00:00,13.4967,30.6,58.4537,59.2067,60.1397,61.293,62.9537,24.4823,24.4957,24.583,24.576,24.7657,3.0332,114.5667,2.7769,114.0969,2.4685,116.8587,2.2801,113.4796,1.8415,111.5883
2025-09-19 14:30:00,13.499,31.0163,53.2167,53.9247,54.8007,56.087,58.185,24.9113,24.902,24.93,24.831,24.8217,2.9513,121.2953,2.7168,122.5294,2.421,125.5973,2.2538,121.9789,1.8104,120.5801
2025-09-19 15:00:00,13.498,30.921,54.026,54.5247,55.4393,56.788,59.8833,24.8783,24.949,24.9997,24.8937,24.6327,2.3169,120.6042,2.1033,121.5629,1.8515,124.5339,1.6886,120.1944,1.3093,117.3967
2025-09-19 15:30:00,13.497,30.9153,54.3073,54.949,56.0047,57.3997,60.7383,25.1003,25.1103,25.173,25.08,24.814,2.1969,110.7622,2.0068,111.8789,1.7954,113.9609,1.6717,111.0528,1.2877,109.1873
2025-09-19 16:00:00,13.506,30.6363,55.7573,56.7547,58.1207,59.6723,62.8847,25.1073,25.0367,25.0,24.8473,24.5667,1.9713,83.8383,1.813,81.6387,1.6238,83.1559,1.4896,79.8305,1.0976,78.3608
2025-09-19 16:30:00,13.5287,29.7657,57.394,58.821,60.3877,62.4213,66.4617,24.9027,24.7563,24.6503,24.4393,24.0173,1.3583,83.9529,1.1932,85.7811,1.0196,87.8587,0.9027,83.8227,0.3922,80.3074
2025-09-19 17:00:00,13.404,28.532,59.0613,61.0433,63.7213,66.6667,71.8377,24.629,24.367,24.057,23.6757,23.009,1.2396,77.3132,1.0436,78.1087,0.8746,80.4379,0.747,79.1988,0.1681,77.9872
2025-09-19 17:30:00,12.9687,26.4527,62.5113,65.9303,71.3843,76.1943,81.1727,23.9643,23.4243,22.533,21.629,20.5623,0.9519,42.0828,0.8173,46.9075,0.7306,56.394,0.5686,56.2094,0.0854,42.6837
2025-09-19 18:00:00,12.8837,23.5643,67.6203,77.0307,84.8193,88.8867,93.18,22.8593,21.2933,19.9227,18.8947,17.3967,1.1063,51.9451,0.9332,66.8284,0.8463,83.5501,0.6788,85.8413,0.1324,88.3742
2025-09-19 18:30:00,12.838,20.3743,70.8083,80.1733,89.5,92.8733,96.04,21.8803,20.1923,18.402,17.555,16.1773,1.0778,43.0377,0.6993,61.1053,0.4963,96.613,0.2914,110.5251,0.0279,118.4016
2025-09-19 19:00:00,12.8043,17.9273,70.586,75.2013,83.5393,89.0033,95.3667,21.5207,20.655,19.1,17.76,16.0537,1.3746,54.3547,1.1372,56.0012,0.9944,69.2176,0.8611,73.3688,0.179,72.3126
2025-09-19 19:30:00,12.774,16.419,71.764,77.7123,84.8767,90.19,95.1533,20.8087,19.7933,18.6367,17.707,15.9867,0.9425,73.3825,0.6766,78.7397,0.5,101.6627,0.3493,117.7415,0.0492,111.6697
2025-09-19 20:00:00,12.747,15.3057,71.012,74.863,79.8763,83.58,90.5233,20.514,19.7867,18.832,18.0533,16.4737,1.122,76.0251,0.9086,78.6918,0.7557,87.5686,0.6359,90.5926,0.1272,88.7268
2025-09-19 20:30:00,12.722,14.6357,73.479,76.912,82.067,85.983,91.0033,19.8267,19.2217,18.2233,17.3553,15.748,0.9321,86.5609,0.7102,79.9976,0.5677,83.0602,0.446,86.4054,0.0773,83.2216
2025-09-19 21:00:00,12.7,13.9433,75.1627,78.0327,82.051,85.4767,92.1567,19.3883,18.825,18.028,17.2843,15.7187,0.857,84.7944,0.6196,80.4123,0.517,80.6575,0.4059,83.9345,0.0791,77.5725
2025-09-19 21:30:00,12.6767,13.649,74.4847,76.434,79.7137,82.3983,88.0967,19.3997,19.006,18.2693,17.6213,16.1107,1.1,66.5504,1.0233,61.2262,0.9216,67.4046,0.8668,67.372,0.3127,68.5643
2025-09-19 22:00:00,12.6543,13.575,74.944,78.291,82.1907,85.14,90.8867,19.1033,18.4913,17.723,17.12,15.6087,1.0327,63.2968,0.8657,62.5778,0.8141,71.5098,0.789,74.7497,0.255,73.3539
2025-09-19 22:30:00,12.634,13.4217,77.777,80.8223,84.0,86.5533,92.0267,18.3393,17.8033,17.2213,16.727,15.5133,0.8417,72.4973,0.7404,74.2661,0.6579,80.8229,0.605,83.3012,0.1503,84.1901
2025-09-19 23:00:00,12.613,13.313,77.5117,79.2527,80.972,82.61,86.2867,18.1237,17.8303,17.4807,17.0993,16.1997,0.8994,79.2657,0.7226,78.3661,0.5937,79.5802,0.4985,80.8042,0.1002,80.0409
2025-09-19 23:30:00,12.5947,13.2637,78.1103,79.296,80.7737,82.53,86.5767,17.8513,17.6563,17.337,16.8947,15.8257,1.0166,72.921,0.8452,67.8794,0.7407,65.7978,0.6581,64.0015,0.1546,64.3092
2025-09-20 00:00:00,12.5743,13.2047,77.7637,79.3527,81.29,83.1167,86.91,17.7277,17.4603,17.0247,16.554,15.5563,0.8983,71.7929,0.7524,68.1224,0.637,72.0599,0.541,74.404,0.1233,74.4872
2025-09-20 00:30:00,12.5553,13.096,79.5087,80.87,82.1233,83.4033,86.6667,17.2487,17.0587,16.792,16.472,15.6323,0.836,83.6274,0.6812,82.6673,0.5926,84.618,0.5194,84.2292,0.1115,81.878
2025-09-20 01:00:00,12.5363,13.1773,79.7457,80.7223,81.6033,82.82,86.2267,17.1237,17.019,16.8427,16.549,15.7647,0.7254,84.9608,0.6512,86.4514,0.5704,90.0241,0.4841,90.5947,0.1054,86.208
2025-09-20 01:30:00,12.519,13.2713,80.57,81.9533,82.9933,84.13,87.5767,16.9503,16.779,16.5847,16.2897,15.4197,0.8313,92.9833,0.6975,91.9157,0.6111,93.3235,0.5255,90.8765,0.1304,85.6131
2025-09-20 02:00:00,12.5013,13.2227,81.5167,82.9167,84.61,86.4567,90.5067,16.7337,16.5303,16.135,15.6513,14.649,0.7779,81.3133,0.6642,76.5816,0.5612,75.4571,0.4996,72.0469,0.2152,68.6998
2025-09-20 02:30:00,12.484,13.0273,83.25,84.8533,87.1567,89.54,93.3233,16.373,16.1253,15.6387,15.013,14.0083,0.9852,74.4293,0.8702,69.1886,0.7812,71.7424,0.6753,69.3578,0.2437,60.8245
2025-09-20 03:00:00,12.467,13.0053,84.0667,85.3267,86.4367,87.7567,90.9933,16.2217,16.0527,15.871,15.5897,14.9953,1.0503,100.0741,0.8413,94.1432,0.6694,89.9811,0.5277,86.4784,0.135,74.6953
2025-09-20 03:30:00,12.453,13.354,83.5233,84.5067,85.4667,86.7733,89.65,16.4043,16.3133,16.1793,15.9393,15.4677,1.0423,72.1996,0.924,68.9362,0.8053,68.8253,0.706,65.9844,0.2899,56.4284
2025-09-20 04:00:00,12.4383,13.7897,84.2333,85.2533,86.22,87.4033,89.9,16.4363,16.3537,16.2543,16.0493,15.7183,1.272,101.8808,1.1126,100.2459,0.9687,99.4147,0.8576,95.4002,0.4268,91.8491
2025-09-20 04:30:00,12.427,14.254,84.59,85.4833,86.28,87.3433,89.76,16.637,16.5763,16.4797,16.2883,15.9373,1.0081,81.7839,0.8877,75.6011,0.7725,75.2656,0.6812,73.5442,0.2742,69.1662
2025-09-20 05:00:00,12.4157,14.5333,83.9467,85.0167,86.18,87.4767,90.0833,16.8807,16.7733,16.605,16.357,15.9043,1.3173,49.2034,1.2004,43.974,1.0442,44.1627,0.9388,43.638,0.4811,40.4771
2025-09-20 05:30:00,12.4057,14.6817,84.25,85.1667,86.07,87.1,89.42,16.8817,16.804,16.674,16.481,16.1267,1.5891,89.5619,1.3509,89.3667,1.1573,89.4435,1.0656,87.5233,0.5878,84.922
2025-09-20 06:00:00,12.4023,14.9217,85.15,86.0133,86.7033,87.6333,89.5367,16.806,16.7553,16.6953,16.535,16.286,1.2964,89.6108,1.1361,87.1436,0.9909,88.3751,0.8842,86.2309,0.4188,82.8843
2025-09-20 06:30:00,12.4193,15.243,86.0833,86.79,87.42,88.28,90.02,16.7793,16.7613,16.721,16.5893,16.3883,0.9319,98.2894,0.8617,93.0329,0.7655,92.7308,0.6856,90.3997,0.2298,86.414
2025-09-20 07:00:00,12.5137,15.6153,86.2967,87.07,87.71,88.6,90.3867,17.0153,17.0093,17.003,16.8973,16.7423,1.2448,99.5697,1.1281,99.1991,0.9994,97.4064,0.9097,94.5721,0.4053,91.2607
2025-09-20 07:30:00,12.704,16.2273,84.9867,85.7333,86.2033,86.9967,88.64,17.589,17.5857,17.5957,17.519,17.378,1.5183,94.5518,1.3502,90.8605,1.225,92.9509,1.1307,89.1072,0.6403,86.6449
2025-09-20 08:00:00,12.9307,17.0877,83.0133,83.6633,84.1267,84.9267,86.53,18.3707,18.3853,18.4383,18.3717,18.3117,1.4741,108.4463,1.3282,106.1704,1.1969,106.9157,1.1017,103.6743,0.5969,100.8651
2025-09-20 08:30:00,13.0977,18.2243,78.944,79.5833,80.011,80.82,82.5193,19.5013,19.5273,19.6017,19.552,19.5197,1.1978,132.1556,1.0458,132.1534,0.9201,132.8407,0.8239,130.9554,0.3961,130.2292
2025-09-20 09:00:00,13.266,19.7453,75.208,75.9387,76.2697,77.11,78.8207,20.849,20.9093,21.0043,20.9683,20.9663,0.9737,123.6386,0.8533,121.0832,0.7394,122.1485,0.6429,119.6285,0.2774,114.7531
2025-09-20 09:30:00,13.721,22.111,70.601,71.0567,71.1843,71.9547,73.5533,22.3567,22.439,22.6353,22.6583,22.7563,1.8448,136.1601,1.6649,137.1123,1.4833,136.6159,1.3515,133.5195,0.8968,130.3368
2025-09-20 10:00:00,13.791,24.866,67.7957,68.449,68.8127,69.6337,71.792,22.804,22.8287,22.978,22.9843,22.9143,2.1323,151.1624,1.9722,152.7287,1.7588,155.0627,1.6357,152.2957,1.1958,149.1048
2025-09-20 10:30:00,13.7987,25.9277,67.4007,68.2863,69.0453,70.0007,72.359,23.2083,23.1963,23.2743,23.2623,23.085,2.7606,160.0605,2.4864,161.7601,2.1821,166.979,1.9859,163.2107,1.509,163.6244
2025-09-20 11:00:00,13.7713,25.6397,67.548,68.6047,69.6287,70.8107,73.208,23.2463,23.1557,23.154,23.0327,22.7643,3.3451,177.4428,2.9973,183.4848,2.6353,187.5988,2.4254,185.767,1.8879,186.3528
2025-09-20 11:30:00,13.263,24.625,70.4017,71.537,72.603,73.8283,76.048,22.5707,22.4573,22.366,22.1917,21.8923,5.3103,196.8369,4.7129,201.805,4.177,207.3333,3.8595,205.5598,3.2031,204.3335
2025-09-20 12:00:00,12.994,22.3573,84.482,85.6687,86.7373,87.7633,89.6133,20.3467,20.2643,20.1683,20.0217,19.76,2.4962,192.2165,2.1743,196.8011,1.9047,200.5304,1.7385,198.2612,1.2762,194.938
2025-09-20 12:30:00,13.1073,20.825,90.2833,91.38,91.99,92.9933,93.8833,19.6283,19.5893,19.624,19.5073,19.4137,1.5249,181.3384,1.316,184.2617,1.1283,188.254,0.9937,186.9102,0.5301,189.2002
2025-09-20 13:00:00,13.058,20.073,92.39,93.1567,93.42,94.0433,94.8,19.382,19.3657,19.416,19.3227,19.2627,1.7964,109.414,1.6105,106.045,1.4399,108.5074,1.3202,104.3653,0.8119,100.4719
2025-09-20 13:30:00,13.026,19.4903,90.4433,91.16,91.7233,92.36,93.71,18.8123,18.813,18.8047,18.7133,18.6143,1.6645,123.0985,1.517,123.55,1.3467,126.0144,1.2294,123.2687,0.6917,118.8134
2025-09-20 14:00:00,13.4437,19.1143,93.7533,94.2667,94.5633,95.0533,95.7533,18.9517,18.9727,19.0207,18.971,18.961,1.4744,153.8608,1.3609,155.0773,1.2078,155.5463,1.0976,152.5958,0.5547,151.5144
2025-09-20 14:30:00,14.1227,19.335,88.9367,89.6,89.63,90.68,91.72,19.4193,19.4473,19.5403,19.4403,19.417,2.5733,148.9974,2.3137,150.1919,2.0719,153.8524,1.9419,151.1019,1.4582,150.8471
2025-09-20 15:00:00,14.1017,19.991,85.0433,85.55,85.52,86.9267,87.89,19.4437,19.4967,19.6317,19.4967,19.4973,2.2272,149.4395,2.0436,148.2274,1.82,149.9056,1.6778,148.9641,1.2751,147.97
2025-09-20 15:30:00,13.6873,20.4367,85.62,86.1333,86.0767,87.3333,88.2967,19.4087,19.4293,19.5407,19.4017,19.3807,2.0617,130.3104,1.8692,130.3907,1.6815,132.0254,1.5589,131.5875,1.1412,131.207
2025-09-20 16:00:00,13.683,20.7153,84.3733,84.78,84.7767,85.9667,86.9533,19.7873,19.837,19.945,19.8573,19.855,2.2324,132.0246,2.0373,133.121,1.8313,133.7331,1.7022,130.8645,1.2914,129.0403
2025-09-20 16:30:00,13.6563,21.2433,85.34,85.78,85.9467,86.7767,87.8,19.8933,19.916,19.957,19.8413,19.7413,2.1066,119.4631,1.9683,120.7488,1.7583,121.5516,1.6096,117.8681,1.1366,116.8852
2025-09-20 17:00:00,13.107,20.7317,87.57,88.1367,88.52,89.2167,90.4067,19.7437,19.725,19.6977,19.5747,19.378,1.8056,105.7747,1.6,103.8854,1.4171,104.4113,1.2659,101.1684,0.7548,99.0202
2025-09-20 17:30:00,12.9223,19.9587,89.49,90.09,90.49,91.1567,92.4433,19.5653,19.5247,19.4637,19.3147,19.055,1.6564,99.0332,1.4774,98.3842,1.2934,99.9537,1.1594,96.7514,0.6213,93.2079
2025-09-20 18:00:00,12.8453,19.217,85.8,86.42,86.9133,87.6833,89.3967,19.9583,19.9017,19.835,19.668,19.34,1.7509,126.9425,1.5395,124.7146,1.3461,125.9679,1.213,120.7309,0.7315,119.5524
2025-09-20 18:30:00,12.8163,18.7583,85.1133,85.7333,86.2533,87.0367,88.6367,20.1223,20.069,19.9727,19.8037,19.4757,1.8888,125.6199,1.6869,122.9232,1.4785,124.233,1.3335,120.3068,0.8354,117.8831
2025-09-20 19:00:00,12.7897,18.477,85.3567,85.9533,86.41,87.1033,88.6833,20.115,20.0547,19.9857,19.8157,19.4933,2.0454,119.006,1.869,118.346,1.6817,120.7768,1.5351,117.7303,1.0218,114.8648
2025-09-20 19:30:00,12.763,18.3143,83.6,84.1933,84.72,85.47,87.1533,20.4807,20.4147,20.3203,20.151,19.7847,1.8971,136.01,1.7185,135.965,1.5199,136.553,1.4095,134.0714,0.9726,133.2469
2025-09-20 20:00:00,12.74,18.28,82.2967,82.89,83.3867,84.1533,85.8667,20.6493,20.5937,20.486,20.3163,19.9477,2.1469,134.4862,1.9513,135.4642,1.7379,136.3967,1.6126,132.2986,1.1331,128.658
2025-09-20 20:30:00,12.718,18.2393,82.1433,82.74,83.1967,83.9833,85.5433,20.5897,20.5097,20.437,20.247,19.9143,2.2851,148.615,2.1059,149.2578,1.8635,150.7232,1.7237,148.8106,1.274,148.4135
2025-09-20 21:00:00,12.697,18.3327,81.7667,82.29,82.7167,83.44,84.9067,20.616,20.5897,20.5103,20.379,20.081,2.6906,147.9097,2.3949,149.4278,2.1604,150.7918,2.0009,147.2326,1.4924,145.7025
2025-09-20 21:30:00,12.6757,18.5743,81.39,82.0067,82.4633,83.23,84.5967,20.6467,20.6117,20.5277,20.4017,20.1307,3.5169,156.5769,3.1589,159.2338,2.7889,162.5055,2.5659,159.2521,2.0232,157.9781
2025-09-20 22:00:00,12.6547,18.801,82.1733,82.8133,83.3467,84.23,85.83,20.5523,20.5137,20.452,20.3087,20.026,3.3172,154.2128,3.0225,155.0379,2.698,157.5459,2.492,155.5097,1.9742,156.0158
2025-09-20 22:30:00,12.636,18.7867,83.4833,84.1067,84.58,85.3333,86.9,20.3303,20.2867,20.2283,20.0863,19.808,2.6541,151.3588,2.4003,152.8346,2.1479,156.19,2.0038,154.7216,1.5375,153.3016
2025-09-20 23:00:00,12.6177,18.776,83.3967,83.9767,84.4567,85.21,86.6067,20.3387,20.3017,20.245,20.128,19.884,4.5069,164.3814,4.0511,165.0048,3.5992,166.0132,3.3067,163.9344,2.6671,163.5376
2025-09-20 23:30:00,12.6,18.787,81.3613,82.1467,82.81,83.6867,85.2033,20.1893,20.127,20.0607,19.8993,19.643,5.3521,175.9918,4.804,181.1025,4.2236,184.8628,3.8736,181.9228,3.1534,181.7227
2025-09-21 00:00:00,12.58,18.551,80.2773,81.022,81.7,82.65,84.3133,19.628,19.57,19.5097,19.3283,19.0663,5.1949,181.033,4.635,185.5372,4.0568,188.7428,3.7053,186.1849,3.0051,185.3337
2025-09-21 00:30:00,12.5593,18.24,78.8373,79.506,80.0667,80.9333,82.47,19.174,19.128,19.087,18.9197,18.691,4.422,182.7387,3.9627,186.8862,3.5132,190.2462,3.2288,188.5967,2.6443,188.3413
2025-09-21 01:00:00,12.5433,18.0107,74.669,75.3653,75.9287,76.7647,78.359,18.908,18.86,18.8117,18.6493,18.4117,5.4129,184.1576,4.8839,187.5504,4.3346,191.0752,3.9934,188.1217,3.2702,186.2921
2025-09-21 01:30:00,12.524,17.69,73.7163,74.4973,75.1963,76.16,77.8037,18.305,18.256,18.164,17.981,17.6923,4.7865,181.3618,4.2965,186.6021,3.8068,189.1088,3.503,185.6997,2.8466,184.7305
2025-09-21 02:00:00,12.505,17.0907,72.078,72.84,73.525,74.471,76.2623,17.5557,17.4997,17.3933,17.2213,16.905,6.3543,183.2205,5.6864,189.2505,4.9841,193.1064,4.5742,189.2887,3.7564,188.8308
2025-09-21 02:30:00,12.4863,16.2303,71.7833,72.6147,73.382,74.406,76.2757,16.579,16.4997,16.3883,16.1807,15.8617,4.9246,182.1103,4.4152,185.7457,3.905,189.8081,3.592,186.5866,2.935,187.3842
2025-09-21 03:00:00,12.4687,15.3843,73.745,74.5587,75.3067,76.3047,78.0173,16.1363,16.0623,15.9557,15.7613,15.463,4.9625,175.3373,4.4673,179.6841,3.937,184.6504,3.6118,181.0367,2.9563,180.8289
2025-09-21 03:30:00,12.4517,14.8743,74.22,74.973,75.691,76.6617,78.2947,15.923,15.8733,15.7793,15.581,15.325,6.0168,173.496,5.4414,176.8657,4.7674,181.9265,4.3475,179.1594,3.5348,178.3975
2025-09-21 04:00:00,12.4357,14.5777,74.14,74.894,75.5383,76.4807,78.1273,15.612,15.5587,15.4977,15.299,15.0343,4.8009,179.0308,4.263,183.9585,3.7532,187.6898,3.4631,185.7586,2.8113,184.6632
2025-09-21 04:30:00,12.407,14.3263,72.48,73.2397,73.871,74.7787,76.4413,15.4867,15.4347,15.338,15.172,14.8963,5.1021,185.4006,4.5426,190.3376,4.0454,193.4249,3.7434,190.1748,3.0752,190.0909
2025-09-21 05:00:00,12.4,14.1187,72.865,73.62,74.2147,75.105,76.799,15.2897,15.2413,15.1797,15.002,14.734,5.5357,188.9743,4.9494,192.0341,4.361,196.5473,4.04,194.2282,3.2989,194.4866
2025-09-21 05:30:00,12.3867,14.061,71.573,72.2257,72.7257,73.4973,75.0113,15.1843,15.1697,15.143,14.99,14.7753,5.4897,196.4226,4.934,200.7127,4.3645,204.4576,4.043,202.6804,3.3494,200.0736
2025-09-21 06:00:00,12.3827,14.092,71.1267,71.815,72.3487,73.0923,74.579,14.733,14.7333,14.6973,14.575,14.378,5.2876,194.399,4.6748,199.102,4.1334,203.2175,3.8303,199.9619,3.1658,199.6876
2025-09-21 06:30:00,12.4223,14.063,70.7883,71.4447,71.9653,72.744,74.2793,14.58,14.585,14.5527,14.4537,14.2567,5.2548,190.1352,4.7145,194.5142,4.1931,199.8355,3.869,195.9481,3.2114,195.1918
2025-09-21 07:00:00,12.6383,14.2087,72.528,73.304,73.8907,74.7317,76.3393,14.5303,14.5363,14.522,14.4383,14.283,4.6228,191.8489,4.1613,197.7826,3.6739,201.1556,3.3688,197.8149,2.7627,199.9862
2025-09-21 07:30:00,12.6543,14.467,74.0657,74.8323,75.3557,76.151,77.6547,14.5407,14.571,14.566,14.4707,14.353,5.2049,194.5428,4.5988,200.9398,4.1042,205.3765,3.8124,202.6317,3.1465,200.5417
2025-09-21 08:00:00,12.664,14.2227,88.2933,89.0967,89.63,90.3633,91.7567,13.34,13.388,13.4153,13.3383,13.2767,4.4867,201.7246,4.006,206.8718,3.5341,210.1754,3.3039,208.6239,2.7505,207.7655
2025-09-21 08:30:00,12.9153,14.053,86.87,87.5967,87.9933,88.7367,90.56,13.9063,13.9777,14.0353,13.9993,13.941,3.5186,198.8397,3.1094,204.1767,2.7627,209.3629,2.5713,206.505,2.131,205.6566
2025-09-21 09:00:00,13.192,14.6263,85.2733,86.0067,86.38,86.9867,88.4967,14.3967,14.5123,14.6203,14.625,14.677,3.3878,222.3432,2.9337,228.0595,2.6225,233.2587,2.46,229.4199,2.0369,226.9701
2025-09-21 09:30:00,13.4007,15.5123,81.99,82.7167,83.3933,83.9967,85.8233,14.3843,14.479,14.5633,14.5793,14.6293,3.9004,243.8015,3.3867,247.5321,2.9705,248.1231,2.754,246.6459,2.2884,243.3807
2025-09-21 10:00:00,13.5097,16.2053,78.3717,78.8693,79.2917,79.8023,81.4833,14.5937,14.703,14.7923,14.797,14.8353,3.6534,254.7776,3.214,259.5289,2.8464,260.9602,2.6434,257.3862,2.1782,254.3466
2025-09-21 10:30:00,13.5457,16.7957,74.99,75.697,76.161,76.844,78.559,14.7213,14.804,14.8937,14.8807,14.914,3.9612,256.6686,3.4696,263.2569,3.0284,263.609,2.7843,259.1072,2.2514,255.1904
2025-09-21 11:00:00,13.831,16.7527,81.832,82.6633,83.58,84.11,86.17,14.0353,14.137,14.185,14.212,14.2233,3.1266,250.5118,2.7176,252.1595,2.367,255.6324,2.1919,252.7289,1.7779,249.4185
2025-09-21 11:30:00,13.7713,16.64,76.1683,77.038,77.9003,78.5673,80.553,14.3933,14.4863,14.516,14.5097,14.4923,3.3716,256.7412,2.8721,258.953,2.5047,261.4338,2.3019,256.8476,1.8823,252.4031
2025-09-21 12:00:00,14.1283,16.0473,73.8737,74.8387,75.692,76.5393,79.072,14.1927,14.269,14.3143,14.302,14.2863,2.7793,251.3386,2.426,257.604,2.1355,259.5334,1.9803,255.8831,1.6301,251.5205
2025-09-21 12:30:00,14.1753,16.4983,67.595,68.32,68.9107,69.6487,71.1103,14.8987,15.008,15.142,15.1507,15.2527,3.1205,280.3295,2.6332,282.4457,2.242,284.7509,2.0284,284.2806,1.6192,281.9717
2025-09-21 13:00:00,14.204,16.9143,67.8167,68.5223,69.095,69.978,71.514,14.6993,14.8,14.887,14.8563,14.927,2.6538,262.0367,2.3392,264.5981,2.0312,265.6688,1.8751,262.6926,1.4913,258.816
2025-09-21 13:30:00,14.193,17.4533,67.1763,67.6897,68.111,68.8207,69.8307,15.0357,15.1623,15.3207,15.3347,15.5637,1.9195,278.4228,1.644,279.6301,1.4012,280.9458,1.2879,279.5979,0.9924,277.2602
2025-09-21 14:00:00,13.801,19.1243,62.655,63.2987,63.7357,64.5523,65.4223,15.6323,15.762,15.9137,15.937,16.274,2.5504,272.0913,2.2057,275.075,1.9101,273.8213,1.7581,271.107,1.411,267.1461
2025-09-21 14:30:00,13.7777,20.1467,58.4863,59.111,59.6353,60.511,61.912,15.749,15.8907,16.0043,15.9843,16.163,2.6673,282.1179,2.1675,284.7567,1.9284,286.2258,1.7686,283.5976,1.4047,279.9473
2025-09-21 15:00:00,13.7823,21.0767,56.184,56.7267,57.1397,57.9043,59.366,15.8603,15.9963,16.1223,16.1263,16.2467,3.2344,276.9143,2.678,276.7049,2.3359,275.4356,2.1682,273.7311,1.7461,270.2797
2025-09-21 15:30:00,13.8007,20.9397,56.7663,57.4053,57.9113,58.6627,59.937,15.594,15.682,15.7733,15.731,15.7883,2.4321,285.9319,2.024,286.4583,1.7464,288.6442,1.6024,284.9342,1.2211,282.0876
2025-09-21 16:00:00,13.8,20.9613,57.6637,58.3397,58.7407,59.381,60.386,15.5937,15.697,15.787,15.7557,15.836,2.8135,287.9179,2.2795,293.0627,1.9421,295.7009,1.7488,295.102,1.3289,291.0394
2025-09-21 16:30:00,13.4233,19.507,60.9807,61.825,62.4037,63.2683,64.7517,14.962,14.963,14.955,14.8517,14.7113,2.2407,279.7928,1.9389,282.1435,1.7002,282.0654,1.5423,276.6528,1.0632,273.8421
2025-09-21 17:00:00,13.5343,17.823,61.6327,62.294,62.6937,63.4263,64.5823,14.9857,15.0233,15.0613,14.954,14.8887,2.2468,282.72,1.8725,284.332,1.6131,280.3464,1.4696,273.9577,1.0257,272.6401
2025-09-21 17:30:00,12.9977,16.6703,61.6747,62.5583,63.292,64.229,65.9573,14.6643,14.6537,14.589,14.4263,14.1587,2.024,284.981,1.6584,284.8224,1.4121,284.3178,1.2831,278.9353,0.8158,275.8998
2025-09-21 18:00:00,12.8887,14.9687,68.7733,69.8273,70.5067,71.3793,73.1317,13.7273,13.6937,13.6093,13.4273,13.098,1.4552,286.5399,1.1882,287.8018,0.9637,284.6794,0.8371,278.0493,0.4708,274.4888
2025-09-21 18:30:00,12.838,13.0273,74.0853,75.6233,76.6627,77.742,80.167,13.041,12.9157,12.766,12.5213,12.055,1.0911,288.3925,0.8328,285.8342,0.6387,291.1142,0.5224,286.0802,0.1897,279.2398
2025-09-21 19:00:00,12.8037,11.5727,74.171,75.5953,76.6233,77.7887,80.3333,12.9277,12.847,12.7177,12.477,12.0373,1.4247,278.0789,1.1605,275.852,0.955,275.0401,0.8391,269.0774,0.3802,263.4218
2025-09-21 19:30:00,12.7723,10.7313,74.349,76.002,77.2077,78.4737,81.0893,12.594,12.459,12.3013,12.0447,11.5183,0.8759,285.6198,0.6522,282.8642,0.5187,280.1274,0.4545,271.034,0.2306,263.9109
2025-09-21 20:00:00,12.74,9.6637,78.9767,82.025,83.5227,85.15,87.68,11.7897,11.386,11.0417,10.6063,9.9007,0.576,261.2391,0.2779,250.6077,0.1681,232.3336,0.1008,223.8047,0.0357,192.4173
2025-09-21 20:30:00,12.7103,8.4298,80.2573,84.8567,87.64,89.52,92.4033,11.5537,10.918,10.38,9.858,8.9363,0.7616,264.9891,0.3332,261.4921,0.1546,242.8212,0.086,216.999,0.0233,200.588
2025-09-21 21:00:00,12.6823,7.3973,81.331,84.6833,87.7733,89.9967,93.83,11.4973,10.8743,10.0103,9.4063,8.3243,0.3654,240.2187,0.2522,216.8632,0.1853,201.6534,0.1139,196.6319,0.0272,152.1016
2025-09-21 21:30:00,12.6547,6.5344,87.9867,93.0567,95.35,96.38,97.3767,10.4957,9.4233,8.7593,8.366,7.6952,0.4373,195.2556,0.262,176.8355,0.1267,162.5319,0.0716,153.0979,0.0226,122.2316
2025-09-21 22:00:00,12.6283,5.8197,90.5767,95.6567,97.4633,98.1367,99.01,10.093,9.1647,8.584,8.2152,7.4608,0.233,202.442,0.2291,175.1799,0.1426,172.687,0.0939,166.6245,0.027,123.3986
2025-09-21 22:30:00,12.6037,5.333,89.1433,95.1233,97.7567,98.4133,99.24,10.2673,9.3073,8.382,7.9366,7.3237,0.4674,224.8349,0.3332,196.0124,0.1037,184.0361,0.0348,234.4611,0.022,349.4022
2025-09-21 23:00:00,12.5807,5.0234,84.7767,89.8533,94.42,96.4467,98.7333,10.772,10.0187,9.229,8.6723,7.639,0.7744,254.7689,0.3452,244.1781,0.1951,227.8622,0.1646,203.7155,0.0377,178.2131
2025-09-21 23:30:00,12.558,5.0931,82.65,85.7433,88.8133,91.3,96.4667,11.3057,10.874,10.3117,9.7247,8.5545,1.0266,264.1094,0.7487,261.739,0.5103,248.6318,0.4136,233.8381,0.0817,225.9751
2025-09-22 00:00:00,12.536,5.3317,85.0167,87.5033,89.35,91.4533,95.1433,10.897,10.4967,9.9823,9.3087,7.8212,0.4569,252.1032,0.3543,228.832,0.3038,200.9384,0.2659,173.0399,0.0716,138.7758
2025-09-22 00:30:00,12.512,5.2516,86.2467,89.8567,91.73,93.3833,96.4567,10.5827,10.0193,9.5143,8.9797,7.8547,0.7063,264.6156,0.3548,246.0751,0.1879,223.8788,0.1187,192.0573,0.0396,147.4852
2025-09-22 01:00:00,12.4903,5.3418,86.0867,88.2567,89.7467,91.0733,94.6667,10.6197,10.3737,10.097,9.751,9.0364,1.134,276.3437,0.8419,279.1788,0.6093,274.7085,0.5044,268.038,0.1895,269.6159
2025-09-22 01:30:00,12.4687,5.8458,87.9867,89.2167,89.9333,90.77,93.0567,10.2983,10.225,10.0853,9.851,9.3983,0.5427,300.3295,0.375,317.8882,0.2761,315.959,0.2232,313.0055,0.0875,292.6402
2025-09-22 02:00:00,12.4397,6.1471,90.0367,91.29,91.84,92.5767,94.37,9.954,9.8647,9.7707,9.525,9.0413,0.7302,277.5583,0.5349,277.9332,0.4057,276.1125,0.3352,262.5627,0.1858,261.8145
2025-09-22 02:30:00,12.419,6.5421,88.12,89.36,90.0033,90.62,92.9767,10.367,10.3147,10.2253,10.0383,9.6213,0.5514,288.2102,0.4473,284.5755,0.3561,285.0351,0.3119,276.0166,0.1215,267.6662
2025-09-22 03:00:00,12.403,6.8883,89.1433,90.4367,91.11,91.9033,93.8067,10.431,10.37,10.2407,10.0153,9.59,1.4389,283.258,1.2178,279.8044,0.9918,278.3711,0.8746,273.648,0.4353,266.4729
2025-09-22 03:30:00,12.3843,7.1733,88.79,90.0233,90.7133,91.49,93.3633,10.436,10.3833,10.2827,10.0847,9.7217,1.4338,284.2492,1.1155,286.5958,0.8844,289.83,0.7537,286.5149,0.4131,283.1385
2025-09-22 04:00:00,12.3673,7.4205,89.1667,90.3933,91.05,91.7267,93.43,10.4293,10.3903,10.2887,10.103,9.7827,1.2002,285.7624,0.9334,288.0625,0.7505,285.567,0.6324,281.023,0.3493,274.0633
2025-09-22 04:30:00,12.353,7.6789,87.7533,88.7,89.0733,89.6667,91.5533,10.5667,10.557,10.498,10.326,9.9457,0.8476,302.767,0.686,312.0819,0.5832,320.0682,0.5292,317.1021,0.2679,314.892
2025-09-22 05:00:00,12.3413,7.7954,86.1033,87.2867,87.91,88.6667,90.5133,10.7603,10.722,10.649,10.4717,10.1253,1.3413,288.6867,1.0316,290.1954,0.8707,291.6506,0.7404,289.7741,0.397,287.5724
2025-09-22 05:30:00,12.328,7.847,86.8033,87.8767,88.5333,89.1367,90.9333,10.8873,10.8387,10.72,10.546,10.154,0.7685,299.9933,0.5529,305.4021,0.4199,313.8202,0.3604,312.2286,0.1546,314.6717
2025-09-22 06:00:00,12.329,7.7979,86.9967,88.13,88.7333,89.4333,91.23,10.9023,10.841,10.73,10.548,10.101,0.635,320.547,0.4377,320.6894,0.3047,329.5987,0.2247,332.3993,0.0963,327.4754
2025-09-22 06:30:00,12.3533,7.6419,89.2267,90.3733,91.13,91.8567,93.4567,10.6253,10.5707,10.4403,10.229,9.8167,0.8106,303.5882,0.6298,303.2166,0.4695,302.0454,0.3667,296.4698,0.1085,292.6679
2025-09-22 07:00:00,12.5807,8.0369,88.2067,88.98,89.2233,89.8867,91.0167,10.7953,10.8397,10.8303,10.6983,10.5707,0.7953,300.7312,0.6135,302.3984,0.493,306.9557,0.4118,303.5929,0.1457,301.0938
2025-09-22 07:30:00,13.0707,9.7023,83.68,83.9133,83.85,84.5233,84.97,11.669,11.798,11.91,11.842,12.0033,0.8267,307.4719,0.6988,314.0641,0.5532,322.5272,0.4691,316.7486,0.1958,310.6494
2025-09-22 08:00:00,13.4107,12.2473,76.346,76.5887,76.591,77.2477,77.9457,12.8433,12.961,13.1173,13.0843,13.3567,1.2919,323.5224,1.1113,326.2062,0.9774,328.2835,0.8938,326.7057,0.5669,326.5812
2025-09-22 08:30:00,13.846,14.9267,70.554,70.8143,70.8723,71.522,72.8483,13.6413,13.7667,13.9213,13.9097,14.0553,1.95,329.4659,1.7035,333.601,1.499,339.3421,1.3772,337.4296,0.9654,335.8932
2025-09-22 09:00:00,14.1593,17.2113,65.4093,65.752,65.9657,66.6607,68.187,14.331,14.4617,14.591,14.589,14.7473,2.641,341.5816,2.3152,343.9997,2.0643,348.369,1.8862,344.5808,1.5286,341.0648
2025-09-22 09:30:00,14.1147,19.124,60.5513,60.9117,61.0903,61.814,63.265,14.75,14.869,15.009,15.0193,15.179,2.8646,333.4661,2.5018,339.0524,2.2083,346.6911,2.019,345.1793,1.6952,343.9139
2025-09-22 10:00:00,14.1613,20.979,54.8753,55.276,55.4667,56.2337,57.9723,15.3433,15.4617,15.647,15.7,15.9627,2.4502,341.8611,2.1678,342.6136,1.9193,347.4106,1.7607,344.0422,1.4456,340.7641
2025-09-22 10:30:00,14.207,21.0267,53.477,53.962,54.293,55.0337,56.8997,14.7727,14.85,14.9277,14.8713,14.8447,2.8183,330.5512,2.4944,333.8631,2.2148,337.2833,2.0624,331.4759,1.6786,326.4413
2025-09-22 11:00:00,14.2093,20.448,52.025,52.3783,52.697,53.4057,54.9833,15.241,15.345,15.4917,15.4977,15.649,2.9113,332.2926,2.5169,336.7527,2.2237,337.4864,2.056,335.4299,1.6804,331.5957
2025-09-22 11:30:00,13.9203,20.3797,52.7117,53.1173,53.462,54.2313,55.8703,15.322,15.4333,15.576,15.6,15.7953,2.7055,335.4223,2.3849,339.7832,2.1858,344.1428,2.0186,342.564,1.7126,338.6395
2025-09-22 12:00:00,13.7993,20.4583,52.2487,52.7983,53.0977,53.9127,55.744,15.393,15.488,15.6133,15.612,15.755,2.0192,330.3491,1.7906,333.312,1.5948,338.4368,1.4942,334.3286,1.2089,329.0045
2025-09-22 12:30:00,13.78,21.166,50.2443,50.5853,50.8547,51.5233,52.9597,15.5647,15.7083,15.9057,15.987,16.293,3.2978,323.5172,2.9491,328.7429,2.6392,328.9002,2.4167,325.4706,2.0578,324.5263
2025-09-22 13:00:00,13.778,21.9747,50.0093,50.3443,50.8033,51.5863,53.168,15.6213,15.722,15.882,15.9223,16.128,2.5811,314.7707,2.2771,318.1251,2.0014,322.1318,1.8285,318.3007,1.5094,317.4067
2025-09-22 13:30:00,13.765,23.1357,47.4457,47.9657,48.479,49.2913,50.6617,15.9583,16.1217,16.324,16.4097,16.7463,2.1756,320.5988,1.9454,324.4583,1.7331,328.1829,1.5883,327.1106,1.3219,321.7399
2025-09-22 14:00:00,13.7747,23.993,45.1717,45.718,46.1713,46.9477,48.027,15.616,15.7697,15.917,15.9337,16.2803,3.1299,296.2444,2.6628,297.6895,2.3923,299.3596,2.1843,294.8509,1.7677,292.9964
2025-09-22 14:30:00,13.7773,24.144,45.191,45.6557,46.2117,46.9507,48.195,15.7123,15.8917,16.0193,16.019,16.2467,2.2989,305.4524,1.9811,303.6987,1.7324,304.9905,1.6118,302.0089,1.2973,300.4668
2025-09-22 15:00:00,13.7827,24.14,45.289,45.5827,45.9873,46.7277,48.82,15.61,15.7273,15.8637,15.8587,15.852,2.4332,327.2188,2.0667,335.3031,1.8716,339.3862,1.7006,333.7778,1.3711,336.4219
2025-09-22 15:30:00,13.8053,23.4277,48.2057,48.5427,48.829,49.5177,51.227,15.4467,15.5437,15.6657,15.6503,15.6493,2.4885,339.1573,2.1841,339.4347,1.9095,345.2001,1.754,341.7168,1.406,341.1362
2025-09-22 16:00:00,13.827,22.187,53.6093,53.9897,54.1597,54.7297,55.9743,15.01,15.0917,15.1877,15.1447,15.125,3.3899,326.7565,2.9714,330.7646,2.6253,334.1144,2.3666,328.8334,1.9221,328.7102
2025-09-22 16:30:00,13.8327,20.81,54.961,55.3127,55.5227,56.0657,57.2723,14.8687,14.9297,15.001,14.9493,14.8993,2.3328,316.786,2.0195,323.9908,1.8171,329.4877,1.6532,325.5658,1.2483,319.7552
2025-09-22 17:00:00,13.412,19.2193,56.7797,57.3793,57.7257,58.324,59.699,14.494,14.5133,14.521,14.4253,14.2463,1.5933,309.7957,1.3337,315.9922,1.1919,321.408,1.0693,319.8278,0.6542,316.2838
2025-09-22 17:30:00,12.9923,17.111,60.013,61.0023,61.5167,62.3097,63.9757,13.756,13.7237,13.6663,13.496,13.1853,1.2877,298.125,0.9493,303.6771,0.7372,311.5622,0.6226,304.158,0.3408,306.4177
2025-09-22 18:00:00,12.9133,14.4563,66.2963,67.771,68.765,69.9283,72.3703,12.719,12.5733,12.4067,12.134,11.638,0.8258,296.0372,0.5366,306.9935,0.4051,312.1324,0.3053,302.0047,0.1135,293.1815
2025-09-22 18:30:00,12.8657,12.007,69.241,70.5483,71.5097,72.691,75.244,12.08,11.9827,11.844,11.5997,11.0977,1.3888,281.9878,1.0978,285.7723,0.9286,286.9192,0.8308,281.8625,0.4687,276.6961
2025-09-22 19:00:00,12.8273,10.2777,75.0387,76.2883,77.0777,77.951,80.4217,11.4237,11.3443,11.2247,11.0193,10.4983,0.8001,307.1589,0.5804,312.9811,0.4366,317.0894,0.3489,307.4036,0.1039,314.6788
2025-09-22 19:30:00,12.793,8.923,77.9287,79.61,80.7307,81.814,84.5933,11.0437,10.8767,10.685,10.415,9.8023,0.7174,297.2907,0.5011,297.6494,0.3988,297.7132,0.341,293.3648,0.1777,301.4383
2025-09-22 20:00:00,12.761,8.1538,74.7233,75.8187,76.4407,77.2783,79.7347,11.4397,11.3797,11.2897,11.0893,10.6033,1.1057,320.2766,0.8561,325.6431,0.7208,326.7066,0.6329,319.601,0.3406,311.1423
2025-09-22 20:30:00,12.7327,7.8214,74.5033,75.4977,76.287,77.2323,79.6823,11.3003,11.2663,11.1323,10.928,10.4367,1.2233,325.0948,0.9754,328.6421,0.7938,333.4449,0.7176,325.5198,0.343,317.7899
2025-09-22 21:00:00,12.704,7.5897,78.3263,79.7177,80.7573,81.7617,83.97,10.6713,10.5923,10.439,10.2087,9.7343,0.8615,295.52,0.5793,300.3031,0.4236,302.534,0.3478,299.4867,0.1146,292.7329
2025-09-22 21:30:00,12.6787,7.172,79.9707,81.5533,82.76,83.8133,86.3433,10.4273,10.3137,10.1407,9.8797,9.3167,0.9545,290.4094,0.6496,293.2058,0.4628,292.6328,0.3606,287.9831,0.1204,286.838
2025-09-22 22:00:00,12.6533,6.7729,81.8903,83.8,85.22,86.3367,88.72,10.1753,9.9763,9.733,9.45,8.8933,0.6329,281.2819,0.4358,279.6005,0.2507,280.9887,0.1716,275.1471,0.0549,275.7882
2025-09-22 22:30:00,12.6287,6.2614,84.7033,87.4233,89.3167,90.7033,92.6433,9.7373,9.403,9.021,8.6072,7.756,0.3467,307.119,0.1348,293.7706,0.1544,292.5506,0.1551,40.8973,0.0355,238.9675
2025-09-22 23:00:00,12.603,5.5279,86.1467,90.6233,94.7167,96.1033,97.4133,9.503,8.8273,8.0133,7.5113,6.4621,0.4284,281.7435,0.1986,263.4888,0.0732,263.3071,0.0403,90.6083,0.0216,222.4275
2025-09-22 23:30:00,12.5787,4.8257,88.0933,93.4,97.4,98.85,99.3733,9.2337,8.5087,7.6667,7.1159,6.2219,0.2476,280.9023,0.2803,242.6714,0.2685,233.3158,0.1376,226.7568,0.0303,229.2491
2025-09-23 00:00:00,12.544,4.4272,90.2467,93.3233,96.86,98.5767,99.74,9.2987,8.8333,8.2012,7.654,6.8184,0.6505,268.4715,0.4859,256.1352,0.3214,240.6713,0.1838,233.9664,0.0483,212.4081
2025-09-23 00:30:00,12.5267,4.3502,91.2133,93.39,95.5033,97.0933,98.7733,9.386,8.9893,8.3202,7.6199,6.4352,0.2853,267.2342,0.1688,224.6133,0.1413,193.4231,0.0921,190.8101,0.0379,172.9568
2025-09-23 01:00:00,12.5047,4.0689,93.3767,95.8267,97.11,98.2267,99.22,9.089,8.5365,7.8591,7.0926,5.8785,0.2095,245.1904,0.2685,200.3924,0.3145,188.8841,0.2718,177.2619,0.0505,197.6715
2025-09-23 01:30:00,12.4823,3.8865,93.7567,96.79,98.3567,99.1867,99.7533,9.2453,8.8707,8.454,8.0593,6.8173,0.3948,293.5751,0.1514,288.1687,0.1087,178.0919,0.0987,162.0234,0.0283,161.6475
2025-09-23 02:00:00,12.46,3.769,94.8733,96.9967,98.1533,99.0033,99.8467,8.711,8.0718,7.3755,6.8172,5.7415,0.1041,202.5477,0.2091,192.5563,0.1906,189.8491,0.1285,186.5595,0.0244,206.466
2025-09-23 02:30:00,12.436,3.5363,96.0567,99.0,99.45,99.65,99.6367,8.5807,8.0287,7.5441,6.994,5.634,0.2265,224.9439,0.294,208.2389,0.2195,219.261,0.1518,197.9623,0.0379,217.0243
2025-09-23 03:00:00,12.4137,3.2891,97.9567,99.5367,99.9133,100.0833,100.15,7.9068,7.3727,6.8444,6.3577,5.2646,0.2391,70.4281,0.1387,208.074,0.2163,74.491,0.1919,263.691,0.0446,73.9878
2025-09-23 03:30:00,12.3907,3.0102,98.2767,99.9567,100.04,100.0167,100.0367,7.7577,7.2706,6.7141,6.1112,4.6454,0.3034,353.4305,0.2916,8.2692,0.2929,65.7228,0.2748,91.2814,0.0516,92.1911
2025-09-23 04:00:00,12.37,2.7763,99.0833,100.1267,100.18,100.1733,100.08,7.5031,6.9955,6.5533,5.9516,4.7235,0.083,261.9793,0.0277,50.6593,0.0379,74.4542,0.032,55.0679,0.0279,87.032
2025-09-23 04:30:00,12.3513,2.579,98.2267,100.2,100.21,100.1867,100.2,7.5518,6.9474,6.6641,6.1929,4.8831,0.1381,42.3367,0.2269,50.6621,0.2422,59.5401,0.2374,62.7094,0.0427,62.1728
2025-09-23 05:00:00,12.3363,2.4972,96.0367,100.12,100.2,100.18,100.19,8.4573,7.5717,6.8495,6.4005,5.3533,0.4427,294.1454,0.1653,302.1086,0.073,301.7164,0.0394,312.4952,0.0152,316.859
2025-09-23 05:30:00,12.3233,2.8229,90.54,95.6367,98.8733,99.6067,100.01,9.6417,8.9763,8.2891,7.6715,6.6906,0.6941,332.5839,0.5841,26.2703,0.4817,47.7643,0.3809,46.945,0.1067,343.47
2025-09-23 06:00:00,12.3233,3.2704,95.49,98.61,99.5933,99.9833,100.1967,8.5967,7.6559,6.9495,6.3916,5.5072,0.145,297.5201,0.0449,75.8441,0.0329,80.9656,0.0237,57.9989,0.0128,35.2408
2025-09-23 06:30:00,12.406,3.5161,91.95,98.0033,100.02,100.1333,100.2,9.4497,8.765,7.9889,7.2937,6.3423,0.3628,288.1858,0.0793,284.8523,0.0505,252.1599,0.0137,305.4433,0.0107,254.4168
2025-09-23 07:00:00,12.7853,5.2918,88.83,91.64,96.0667,98.1633,100.0633,10.665,10.5293,10.224,9.9307,9.87,0.8225,301.3536,0.5096,298.4502,0.3643,293.9615,0.2805,286.5553,0.0806,284.4971
2025-09-23 07:30:00,13.1733,8.7686,86.2533,87.1467,89.1567,91.9133,95.0633,11.929,11.968,11.9067,11.6873,11.7133,0.681,297.5764,0.5584,296.409,0.4959,294.8847,0.434,287.1773,0.1662,284.1159
2025-09-23 08:00:00,13.4663,12.38,84.5333,84.79,84.9133,85.9267,87.9933,12.642,12.7797,12.9327,12.902,13.0523,1.036,307.9701,0.8644,305.6172,0.7659,304.414,0.6699,298.8688,0.319,294.8075
2025-09-23 08:30:00,13.919,15.7157,80.659,80.898,80.8913,81.635,82.3573,13.5023,13.6257,13.8197,13.8533,14.1853,1.3622,20.5874,1.2688,22.711,1.1353,25.4152,1.0283,21.7557,0.6429,24.9896
2025-09-23 09:00:00,13.724,17.525,79.6687,80.0317,80.1637,80.791,81.853,13.7283,13.823,13.9353,13.9283,14.061,1.5734,8.6106,1.4552,11.2847,1.3319,17.6456,1.2098,14.4901,0.8025,14.6206
2025-09-23 09:30:00,14.1493,18.2393,73.1297,73.3913,73.4803,74.1057,75.3043,14.888,15.0113,15.1873,15.2277,15.512,1.8343,344.4183,1.6756,349.7974,1.5103,354.9308,1.379,353.3975,1.1102,351.6675
2025-09-23 10:00:00,14.1617,20.8497,66.563,66.8237,66.738,67.1677,67.9793,15.5513,15.715,15.9647,16.064,16.4273,2.6889,331.0367,2.2743,331.2633,2.0314,333.8546,1.8772,328.9898,1.6133,327.7526
2025-09-23 10:30:00,14.1527,22.9857,63.942,64.303,64.3857,64.9737,66.2037,15.9453,16.0683,16.269,16.3347,16.6643,2.3781,359.2979,2.1392,4.6621,1.9038,8.4715,1.752,2.6615,1.4911,4.4365
2025-09-23 11:00:00,14.142,23.8507,59.5673,59.87,60.0563,60.5903,61.76,16.2653,16.4177,16.619,16.683,16.9997,2.2233,341.9419,1.9805,345.6474,1.7588,344.5978,1.6172,340.4995,1.3607,335.1227
2025-09-23 11:30:00,14.17,23.76,57.16,57.715,58.085,59.02,60.8633,16.1667,16.2283,16.3467,16.335,16.3967,2.4239,15.5658,2.1549,12.7353,1.899,19.859,1.7488,18.1389,1.4254,15.2956
