2025,259.47917,1130,143.3395,44.139813,366.17022,375.62028,11.990533,285.14052,366.14374,375.56545,98.902085,-9.4217068,0.331122,89.480377
2025,259.5,1200,324.65931,71.122368,360.39254,383.85219,13.040166,286.19015,360.3995,383.78877,252.77632,-23.389268,0.21883922,229.38706
2025,259.52083,1230,346.95459,77.285767,355.13528,386.51682,14.255563,287.40556,355.17687,386.46428,268.85981,-31.287398,0.22242844,237.57241
2025,259.54167,1300,191.22341,43.980953,361.15783,379.71436,13.562718,286.7127,361.17052,379.67136,146.80073,-18.500856,0.23027442,128.29987
2025,259.5625,1330,146.72553,34.649094,364.41273,380.28285,13.989453,287.13944,364.42225,380.24476,111.74022,-15.82251,0.23669812,95.917715
2025,259.58333,1400,43.169594,9.864134,366.07932,375.99707,13.130973,286.28096,366.07064,375.95864,33.205543,-9.8880057,0.2268137,23.317537
2025,259.60417,1430,60.569717,14.558811,365.09777,375.26504,11.492991,284.64299,365.06695,375.2037,45.872873,-10.136766,0.2436167,35.736107
2025,259.625,1500,124.23896,30.76479,361.25419,380.09085,12.370037,285.52002,361.24826,380.0312,93.193741,-18.782924,0.24917158,74.410823
2025,259.64583,1530,226.89178,59.055814,347.0537,382.41038,13.623145,286.77313,347.1098,382.36043,167.33246,-35.250608,0.26061016,132.08187
2025,259.66667,1600,136.26054,36.034165,346.03219,379.77577,14.260036,287.41002,346.10114,379.74349,99.925705,-33.642352,0.25363155,66.28335
2025,259.6875,1630,189.65345,54.935415,322.3971,380.66867,15.081372,288.23137,322.5498,380.64655,134.31388,-58.096759,0.28332322,76.217129
2025,259.70833,1700,110.77286,35.84971,302.95953,375.01508,14.825665,287.97566,303.16652,375.0059,74.69838,-71.839385,0.31138476,2.8590005
2025,259.72917,1730,36.372154,11.361966,303.68511,370.87994,13.700084,286.85007,303.87234,370.86558,24.935158,-66.993246,0.28696345,-42.058088
2025,259.75,1800,4.6413625,1.6293698,327.45444,370.50547,12.941948,286.09195,327.55861,370.4805,3.0029569,-42.921878,0.45504888,-39.91892
2025,259.77083,1830,-0.38509224,0.49495709,349.92415,372.49206,12.989234,286.13921,349.96163,372.46185,-0.87740919,-22.50021,-667.97854,-23.377618
2025,259.79167,1900,-0.632226,0.3814074,351.377,372.89415,13.063627,286.21361,351.41128,372.86387,-1.0105925,-21.4526,-0.75630504,-22.463191
2025,259.8125,1930,-1.7287258,0.92706736,314.68188,367.30612,12.621428,285.77142,314.81949,367.28584,-2.6478258,-52.466369,-0.56292616,-55.114193
2025,259.83333,2000,-1.7424352,1.2522608,309.96525,363.43438,12.140978,285.29097,310.10964,363.41836,-2.985712,-53.308719,-0.78189765,-56.29443
2025,259.85417,2030,-1.1790107,1.0154958,324.71092,364.41774,11.92774,285.07774,324.80783,364.39553,-2.187923,-39.587694,-334.42165,-41.775615
2025,259.875,2100,-1.1812217,1.1057555,324.09031,364.206,11.711342,284.86132,324.18582,364.18115,-2.2801164,-39.995343,-667.78123,-42.275458
2025,259.89583,2130,-0.79612204,0.78243329,334.20128,366.81081,11.739042,284.88903,334.26686,366.77855,-1.5738196,-32.511705,-1.0926944,-34.085523
2025,259.91667,2200,-1.4805302,1.1838318,309.572,364.52143,11.603762,284.75375,309.70943,364.494,-2.6563689,-54.78458,-0.87937802,-57.440948
2025,259.9375,2230,-0.59680385,0.87750332,340.11345,369.11885,11.838457,284.98845,340.16278,369.08115,-1.4712731,-28.91838,-2334.5837,-30.389652
2025,259.95833,2300,-1.4886608,1.0402871,314.58286,367.53022,11.811852,284.96184,314.70838,367.49689,-2.5213609,-52.788523,-0.75369975,-55.309882
2025,259.97917,2330,-1.6021935,1.3380578,307.27427,366.06339,11.569482,284.71947,307.41808,366.03083,-2.9314306,-58.612755,-0.90003626,-61.544184
2025,260,0,-1.8955994,1.6051989,299.55187,363.98353,11.410234,284.56022,299.71641,363.95475,-3.4902959,-64.238359,-0.88566602,-67.728653
2025,260.02083,30,-1.9214753,1.7357623,297.59199,362.72381,11.230307,284.38029,297.75972,362.69614,-3.646266,-64.936428,-0.94820595,-68.582693
2025,260.04167,100,-1.856011,1.819387,296.99306,360.78741,11.034526,284.18452,297.15959,360.76255,-3.6643716,-63.602965,-1.0331584,-67.267333
2025,260.0625,130,-1.6684731,1.6174225,305.90261,360.28971,10.845303,283.9953,306.03956,360.2635,-3.276038,-54.22394,-1.0235515,-57.499975
2025,260.08333,200,0.052536181,1.0266509,351.12348,368.81888,11.373358,284.52335,351.13276,368.77505,-0.97119239,-17.642308,-1330.8631,-18.613501
2025,260.10417,230,-1.9956077,1.4362098,301.83405,362.24299,11.328325,284.47831,301.99053,362.21822,-3.421522,-60.227712,-0.81167458,-63.649233
2025,260.125,300,-1.6847983,1.6037715,303.23468,358.48178,10.634825,283.78482,303.37652,358.45786,-3.278704,-55.081358,-1.0109214,-58.360061
2025,260.14583,330,-1.0584501,1.2985549,322.927,363.03162,10.719474,283.86947,323.011,362.9953,-2.349934,-39.984308,-1.5610306,-42.33424
2025,260.16667,400,-0.39994088,0.67963994,347.28633,367.25565,11.04715,284.19715,347.30215,367.21156,-1.0763421,-19.909407,-335.60655,-20.98575
2025,260.1875,430,-1.5727621,1.054427,313.83827,363.19216,10.770688,283.92068,313.95031,363.15613,-2.6193076,-49.20583,-0.7199936,-51.825137
2025,260.20833,500,-1.5412605,1.3525781,306.81859,361.5074,10.37236,283.52234,306.9457,361.47044,-2.885157,-54.524745,-0.92846067,-57.4099
2025,260.22917,530,2.0920624,1.7805897,329.28238,363.72755,10.497835,283.64781,329.34398,363.68581,0.31053834,-34.341843,-666.76273,-34.031303
2025,260.25,600,19.861696,5.729205,339.24508,367.20658,10.956039,284.10604,339.28368,367.1613,14.090094,-27.877626,0.29825699,-13.787531
2025,260.27083,630,36.119397,9.1601682,346.38151,369.44291,11.284566,284.43455,346.40365,369.39588,26.878352,-22.99222,0.2547059,3.8861325
2025,260.29167,700,29.935513,7.187733,348.92616,369.99874,11.462134,284.61213,348.94336,369.95271,22.679536,-21.009366,0.24263236,1.6701726
2025,260.3125,730,42.397639,10.190527,351.00837,370.67764,11.392643,284.54263,351.01826,370.62851,32.110492,-19.610264,0.24102202,12.50023
2025,260.33333,800,67.093559,15.638701,351.6957,373.13057,11.746612,284.8966,351.70891,373.07948,51.300491,-21.370567,0.23312495,29.929925
2025,260.35417,830,67.715083,15.841324,354.22262,374.02345,11.867513,285.0175,354.23005,373.97148,51.718137,-19.741421,0.23319995,31.976717
2025,260.375,900,125.44103,29.985522,357.57078,376.8835,11.783604,284.9336,357.56689,376.82166,95.169151,-19.254781,0.23923039,75.914377
2025,260.39583,930,163.43216,37.911918,358.6356,379.5561,12.189185,285.33917,358.63472,379.49244,125.14368,-20.857737,0.23242296,104.28594
2025,260.41667,1000,161.26474,38.009679,360.73389,381.60528,12.522171,285.67215,360.73183,381.54061,122.8853,-20.808779,0.23588872,102.07652
2025,260.4375,1030,158.99497,37.722641,363.24987,381.81576,12.487293,285.63728,363.2397,381.74993,120.90849,-18.510201,0.23744719,102.3983
2025,260.45833,1100,146.65526,34.205304,365.76355,382.54933,12.770444,285.92043,365.75018,382.48562,112.11262,-16.735428,0.23644546,95.377181
2025,260.47917,1130,132.28476,30.103437,368.68633,380.68391,12.720126,285.87011,368.66344,380.62503,101.87477,-11.961589,0.22800533,89.913184
2025,260.5,1200,151.57484,34.186106,368.80184,381.9074,12.250379,285.40037,368.77141,381.83765,117.03657,-13.066241,0.22692395,103.97033
2025,260.52083,1230,217.50309,50.012168,370.46968,386.48894,12.939776,286.08976,370.44484,386.41606,166.98845,-15.971208,0.23039449,151.01724
2025,260.54167,1300,157.21836,36.550681,370.33252,385.15073,13.374969,286.52496,370.31478,385.08853,120.30569,-14.773753,0.23330869,105.53193
2025,260.5625,1330,181.75477,40.40186,369.93202,386.68002,14.010163,287.16015,369.9253,386.62307,140.92884,-16.697762,0.22231243,124.23108
2025,260.58333,1400,117.93487,25.872045,370.27437,383.77262,13.906308,287.0563,370.265,383.72274,91.786639,-13.457759,0.21956524,78.32888
2025,260.60417,1430,77.830728,17.396324,372.07419,381.98558,13.543877,286.69387,372.05384,381.9355,60.253101,-9.8816588,0.22330173,50.371442
2025,260.625,1500,52.47838,11.759798,373.4009,380.02373,12.413486,285.56348,373.35916,379.96211,40.596426,-6.6029626,0.22344592,33.993464
2025,260.64583,1530,44.928479,9.9328143,373.73462,379.61138,12.286341,285.43634,373.68988,379.54902,34.890678,-5.8591219,0.22129245,29.031556
2025,260.66667,1600,35.160532,8.0663586,375.08112,379.36974,12.278997,285.42899,375.03229,379.30803,27.01289,-4.2757487,0.22904747,22.737142
2025,260.6875,1630,33.352711,8.1989971,350.59413,355.06758,7.5459885,280.69598,350.58404,355.04407,25.078252,-4.4600271,0.24782597,20.618225
2025,260.70833,1700,19.012612,5.2825696,374.24532,378.29614,12.387169,285.53716,374.20066,378.23933,13.688852,-4.0386647,0.27838045,9.6501884
2025,260.72917,1730,6.9885047,2.2021562,376.84863,380.78596,13.291969,286.44197,376.81004,380.73555,4.7719892,-3.9255133,0.33136272,0.84647619
2025,260.75,1800,2.281885,1.4122893,378.55266,381.7771,13.666018,286.81601,378.5147,381.72948,0.86698705,-3.2147669,0.47083689,-2.3477798
2025,260.77083,1830,-0.82495368,1.8729841,379.02449,382.03908,13.225265,286.37526,378.97835,381.9839,-2.689844,-3.0055476,-2.4079401,-5.6953915
2025,260.79167,1900,-0.3540256,0.52789667,379.00342,381.63513,13.084224,286.23422,378.95516,381.57896,-0.87927647,-2.6238145,-334.0253,-3.503091
2025,260.8125,1930,-0.14649382,0.51827758,380.1628,382.68981,13.252088,286.40208,380.11364,382.63307,-0.66277707,-2.5194308,-1669.1356,-3.1822079
2025,260.83333,2000,0.5212365,0.60114312,380.78611,384.54279,13.715094,286.86509,380.74224,384.48765,-0.079666867,-3.7454129,-333.41085,-3.8250796
2025,260.85417,2030,1.1172184,0.70584535,379.78353,384.10517,13.891781,287.04177,379.74539,384.05407,0.41013891,-4.308669,0.63556978,-3.8985299
2025,260.875,2100,0.8223699,0.91744251,380.47005,384.29224,13.865365,287.01536,380.42946,384.24018,-0.094787451,-3.810721,1.3243708,-3.9055082
2025,260.89583,2130,0.79203496,0.58561276,380.84307,384.27905,13.931559,287.08155,380.80236,384.22803,0.20580294,-3.4256788,-667.06471,-3.2198759
2025,260.91667,2200,-0.12577709,0.95442502,381.81543,50.309588,13.806379,286.95637,381.7699,384.55856,-1.0769615,-2.7886712,-2003.5318,-3.8656326
2025,260.9375,2230,-0.51824951,0.66954672,383.04517,385.79587,13.992749,287.14274,382.99881,385.74126,-1.1842327,-2.7424419,-1.5601287,-3.9266747
2025,260.95833,2300,-0.67620745,1.2799092,384.04275,386.56114,14.422233,287.57223,384.00011,386.51095,-1.9502482,-2.5108351,-2.5149549,-4.4610832
2025,260.97917,2330,-0.42317618,1.0590504,384.27138,386.95211,14.43438,287.58437,384.22825,386.90094,-1.4777798,-2.67269,-1001.9225,-4.1504699
2025,261,0,-0.54709268,1.7992307,384.4636,387.22237,14.377582,287.52757,384.41902,387.16953,-2.3392844,-2.7504942,-3.5253279,-5.0897785
2025,261.02083,30,-0.89703626,1.5713879,385.12422,387.63259,14.955412,288.10541,385.08669,387.58754,-2.461019,-2.5008469,-668.25514,-4.9618658
2025,261.04167,100,0.050303092,0.94582333,385.37713,387.7981,15.204343,288.35433,385.34279,387.75648,-0.89283368,-2.4137024,-1333.0549,-3.3065359
2025,261.0625,130,0.77234254,0.65138669,385.53795,388.16495,15.405987,288.55598,385.50627,388.12538,0.120593,-2.6191154,0.83379156,-2.4985223
2025,261.08333,200,0.34437366,0.3506621,385.70996,388.83744,15.576106,288.72609,385.68052,388.79861,-0.006269574,-3.1180983,-1998.9392,-3.1243677
2025,261.10417,230,-668.54442,0.1601623,385.38197,388.93253,15.638332,288.78833,385.35446,388.89437,-0.09846388,-3.5399135,-6332.2084,-3.6383772
2025,261.125,300,-334.42312,-334.28146,384.90345,388.17134,15.447014,288.597,384.8744,388.13248,-0.14123886,-3.2580809,-4666.1678,-3.3993195
2025,261.14583,330,-0.18493977,0.021822246,385.40767,388.49985,15.377592,288.52759,385.37593,388.45884,-0.20614172,-3.0829082,-2333.3385,-3.2890498
2025,261.16667,400,-334.43532,-334.25224,385.51092,388.74654,15.335873,288.48587,385.47824,388.70415,-0.18253624,-3.225911,-4333.0056,-3.4084471
2025,261.1875,430,-0.48268545,0.20823878,385.93859,388.90387,15.255482,288.40547,385.90334,388.85973,-0.68885145,-2.9563848,-1666.9822,-3.6452362
2025,261.20833,500,-0.50451017,0.45864815,386.52849,54.681936,14.948239,288.09823,386.48664,388.93561,-0.96026881,-2.448979,-667.83874,-3.4092479
2025,261.22917,530,-0.16422672,0.52707729,387.57565,389.4883,14.668615,287.81861,387.52627,389.43318,-0.68923009,-1.9069019,-1667.3787,-2.596132
2025,261.25,600,2.2640426,1.169562,387.14319,389.27037,14.602764,287.75275,387.09406,389.21487,1.0911971,-2.1207951,0.7625636,-1.0295978
2025,261.27083,630,6.8470324,2.6720838,387.23112,390.28049,14.897603,288.04759,387.18637,390.22658,4.1624237,-3.0402182,0.39506477,1.1222058
2025,261.29167,700,14.730516,4.6084635,387.51187,390.73435,15.173078,288.32307,387.4706,390.68341,10.091686,-3.2128154,0.32696806,6.8788711
2025,261.3125,730,29.289856,7.5549367,387.51825,391.22599,15.40247,288.55247,387.48058,391.17718,21.669714,-3.6966132,0.26042815,17.973101
2025,261.33333,800,56.135547,13.24187,387.46632,392.45274,15.678014,288.828,387.43319,392.40464,42.764995,-4.9714581,0.23485172,37.793536
2025,261.35417,830,43.135629,9.7274423,386.89094,391.21666,15.225554,288.37555,386.8524,391.16513,33.307963,-4.3127508,0.22524813,28.995212
2025,261.375,900,48.95927,11.022363,387.82356,392.14485,15.002975,288.15297,387.77871,392.08701,37.823096,-4.3083166,0.22509991,33.51478
2025,261.39583,930,48.594148,10.736603,387.58035,392.28119,14.947611,288.0976,387.53535,392.2221,37.743973,-4.6867385,0.21965096,33.057234
2025,261.41667,1000,111.45108,25.284971,388.31394,395.15079,15.231008,288.38101,388.27116,395.08751,85.907623,-6.8163472,0.22670036,79.091268
2025,261.4375,1030,115.17266,26.120674,388.10929,395.28352,15.69006,288.84006,388.07442,395.22714,88.784819,-7.1527004,0.22682931,81.632118
2025,261.45833,1100,116.20282,26.499976,388.31392,395.35603,15.5942,288.74418,388.27691,395.29789,89.433735,-7.0209865,0.22798897,82.412751
2025,261.47917,1130,143.98842,32.737315,389.27505,397.37708,15.734122,288.88411,389.23737,397.31509,110.91736,-8.077724,0.22744907,102.83962
2025,261.5,1200,96.191931,21.584703,386.43307,393.34627,15.797533,288.94752,386.40491,393.29738,74.383404,-6.8924644,0.2243001,67.49094
2025,261.52083,1230,115.55933,25.150538,386.21328,394.10146,16.046085,289.19607,386.18975,394.05426,90.137567,-7.8645169,0.217595,82.273054
2025,261.54167,1300,108.16226,23.362469,386.39,394.31999,16.274849,289.42485,386.36956,394.27577,84.545397,-7.9062075,0.21564878,76.639191
2025,261.5625,1330,238.50072,53.393529,385.54636,399.4176,16.852627,290.00262,385.53772,399.36734,184.55186,-13.829625,0.22208427,170.72224
2025,261.58333,1400,182.8074,39.980965,386.79174,399.24796,17.245245,290.39524,386.78562,399.20448,142.39796,-12.418844,0.21855432,129.97911
2025,261.60417,1430,97.91775,21.346186,387.8921,396.44121,16.895104,290.0451,387.87707,396.40053,76.341857,-8.5234653,0.21790076,67.818391
2025,261.625,1500,80.111726,17.398373,387.33962,395.37723,16.730981,289.88096,387.32358,395.33708,62.525212,-8.0135041,0.21721107,54.511707
2025,261.64583,1530,60.779111,13.310384,387.25886,394.80937,16.728381,289.87837,387.24305,394.77091,47.326321,-7.5278654,0.21910051,39.798455
2025,261.66667,1600,56.231765,12.190353,386.58004,394.9387,16.709708,289.85971,386.56593,394.8995,43.909288,-8.3335827,0.21685246,35.575705
2025,261.6875,1630,42.130029,9.1121047,386.32238,394.5717,16.711708,289.8617,386.30909,394.53365,32.918872,-8.2245743,0.21640173,24.694297
2025,261.70833,1700,19.751844,4.2241906,386.01257,393.07113,16.48348,289.63346,385.99663,393.03402,15.48107,-7.0373869,0.21345667,8.4436844
2025,261.72917,1730,8.7635394,1.8180947,386.0845,392.71299,16.405092,289.55509,386.06702,392.67561,6.9246092,-6.6086049,0.20188566,0.31600383
2025,261.75,1800,1.3535576,-334.08989,385.39377,391.17605,16.121184,289.27118,385.37392,391.13886,1.1371181,-5.764935,-999.86366,-4.6278168
2025,261.77083,1830,-334.46231,-334.29034,384.97545,390.82658,15.951447,289.10143,384.95406,390.78765,-0.17145609,-5.8335791,-3666.4116,-6.0050348
2025,261.79167,1900,-0.39461301,-334.25187,379.59044,389.61962,15.738364,288.88835,379.58189,389.58097,-0.44431371,-9.9990871,-0.22522266,-10.4434
2025,261.8125,1930,-0.34876221,0.022560547,381.18441,388.49955,15.513849,288.66384,381.16753,388.4607,-0.3702088,-7.2931958,-0.1768318,-7.6634042
2025,261.83333,2000,-0.29291563,-334.27554,381.70151,387.91782,15.368712,288.51871,381.68075,387.8784,-0.31932236,-6.1976528,-1333.5221,-6.516975
2025,261.85417,2030,-0.2629599,0.085804617,380.84249,387.55778,15.300085,288.45008,380.82331,387.51843,-0.34771821,-6.6951435,-333.86858,-7.0428615
2025,261.875,2100,-0.27849304,0.063982576,381.04328,387.23188,15.263438,288.41342,381.02288,387.19292,-0.34144821,-6.1700375,-0.52933198,-6.5114856
2025,261.89583,2130,-0.369852,0.12242158,376.22903,386.45993,15.139114,288.28911,376.22113,386.42134,-0.49079674,-10.200205,-1333.6659,-10.691001
2025,261.91667,2200,-0.59288161,0.25298257,370.86449,384.21226,14.809252,287.95925,370.86743,384.17515,-0.84332664,-13.307726,-1667.2486,-14.151052
2025,261.9375,2230,-0.17568597,0.19269954,379.79766,386.71673,14.959119,288.10911,379.77617,386.67447,-0.36728035,-6.898305,-3000.5907,-7.2655851
2025,261.95833,2300,-0.30440116,0.16820404,377.8571,387.14301,15.191749,288.34174,377.84518,387.10324,-0.46979849,-9.2580552,-1333.553,-9.7278541
2025,261.97917,2330,-0.49711097,0.16792318,373.07776,386.18167,15.111763,288.26174,373.07886,386.14348,-0.66303905,-13.064605,-0.43587037,-13.727643
2025,262,0,-2.0649941,1.0104904,319.45478,377.69996,14.356717,287.50671,319.60492,377.67536,-3.066258,-58.070441,-0.50756471,-61.136697
2025,262.02083,30,-2.1130679,1.4650556,311.66258,371.863,13.484997,286.63498,311.82255,371.84237,-3.567389,-60.019831,-0.71602213,-63.587217
2025,262.04167,100,-1.7428905,1.6149157,310.76167,369.65612,12.97262,286.1226,310.9164,369.63416,-3.3477326,-58.71777,-0.99677452,-62.0655
2025,262.0625,130,-1.6864393,1.7415555,310.77294,369.77537,12.826693,285.97668,310.92541,369.75081,-3.4177108,-58.825419,-1.0883327,-62.243127
2025,262.08333,200,-1.7091203,1.7598019,309.8733,367.49284,12.56894,285.71893,310.02453,367.4712,-3.4585155,-57.446682,-1.0847052,-60.905196
2025,262.10417,230,-1.5474604,1.7956928,310.04444,365.18853,12.261434,285.41142,310.19044,365.16908,-3.3331236,-54.978659,-1.2465736,-58.31178
2025,262.125,300,-1.4745793,1.8992712,309.35096,364.94921,12.084791,285.23479,309.49634,364.92778,-3.3637292,-55.431456,-1.3940952,-58.795184
2025,262.14583,330,-1.4741964,1.9972861,308.14545,363.21307,11.806581,284.95656,308.29026,363.19267,-3.4610681,-54.90242,-1.458042,-58.363485
2025,262.16667,400,-1.3724596,2.126391,308.73208,358.97043,11.331891,284.48188,308.86791,358.95555,-3.488354,-50.087639,-1.7481699,-53.575992
2025,262.1875,430,-1.2289359,1.7882817,309.26295,355.44604,10.897442,284.04743,309.3906,355.43515,-3.008166,-46.044539,-1.5075964,-49.052703
2025,262.20833,500,-0.75208177,1.4420144,326.52334,359.52468,10.718351,283.86835,326.59651,359.49885,-2.1875139,-32.902345,-2.2925322,-35.089857
2025,262.22917,530,1.0573364,2.1815818,317.21599,359.44533,10.604559,283.75456,317.31539,359.41803,-1.1208727,-42.102651,-999.55349,-43.223522
2025,262.25,600,26.022653,8.819241,328.19916,361.82126,10.679839,283.82983,328.26674,361.78798,17.151801,-33.521243,0.37810231,-16.36944
2025,262.27083,630,92.030896,29.508986,318.03381,368.22151,11.594934,284.74492,318.14572,368.18285,62.334343,-50.037133,0.32241267,12.297212
2025,262.29167,700,113.40653,30.812929,332.53006,376.0106,12.954881,286.10487,332.61923,375.96932,82.345824,-43.350094,0.26656589,38.995733
2025,262.3125,730,143.23195,33.742629,340.45023,381.03519,13.423467,286.57347,340.52288,380.98608,109.16085,-40.463205,0.23559214,68.697649
2025,262.33333,800,207.11373,48.631263,344.15852,386.23122,14.227568,287.37755,344.23254,386.17902,158.00703,-41.946484,0.2325444,116.06053
2025,262.35417,830,261.26565,61.065455,345.8289,390.90481,15.296849,288.44684,345.91467,390.85536,199.5996,-44.940687,0.23263736,154.6589
2025,262.375,900,435.80191,112.28273,314.1467,399.41616,16.576783,289.72676,314.34784,399.36149,322.54864,-85.013654,0.25741951,237.53499
2025,262.39583,930,494.9929,124.19113,318.0701,406.98837,17.932343,291.08233,318.28131,406.9328,369.68937,-88.651512,0.25090466,281.03786
2025,262.41667,1000,540.03672,133.33082,322.4817,412.85748,19.02564,292.17563,322.69747,412.80212,405.48579,-90.104661,0.24692717,315.38112
2025,262.4375,1030,576.33097,140.07839,324.44233,414.97794,19.683974,292.83396,324.66305,414.92703,434.94381,-90.264005,0.24306342,344.67981
2025,262.45833,1100,610.25091,146.19352,324.78161,418.32608,20.296978,293.44697,325.01146,418.27529,462.66521,-93.263842,0.23957702,369.40137
2025,262.47917,1130,605.95776,143.74505,326.92338,418.99546,20.91176,294.06175,327.15703,418.9529,460.82606,-91.795874,0.23715379,369.03018
2025,262.5,1200,576.17675,135.36084,331.23842,418.7149,21.157137,294.30713,331.46329,418.67732,439.49346,-87.214051,0.23410899,352.27941
2025,262.52083,1230,537.51924,126.17455,331.72979,418.25106,21.446414,294.59641,331.958,418.2197,410.11066,-86.261715,0.23453004,323.84895
2025,262.54167,1300,581.28022,138.07804,332.25322,421.21612,22.22995,295.37994,332.49307,421.18909,441.87256,-88.696022,0.23744497,353.17655
2025,262.5625,1330,556.23496,133.45173,332.81964,422.28404,22.874336,296.02434,333.06877,422.26477,421.51489,-89.196018,0.2398882,332.31886
2025,262.58333,1400,501.78584,121.35105,333.74063,422.68661,23.469268,296.61926,333.99721,422.67635,379.29346,-88.679151,0.24157137,290.61432
2025,262.60417,1430,427.3502,105.26166,333.83385,419.57788,23.690348,296.84033,334.09394,419.58074,321.12226,-85.486809,0.2453889,235.63547
2025,262.625,1500,384.13855,96.986868,334.7715,419.29772,23.712688,296.86268,335.02918,419.30183,286.29024,-84.272649,0.25188057,202.01758
2025,262.64583,1530,340.59732,89.11362,334.99941,417.64433,24.147953,297.29794,335.26396,417.66093,250.72924,-82.396976,0.26172277,168.33227
2025,262.66667,1600,267.24032,74.305776,330.83946,413.13401,23.860181,297.01018,331.11146,413.15913,192.35573,-82.047677,0.27866402,110.30807
2025,262.6875,1630,178.52189,53.335632,330.31667,408.06202,23.162046,296.31203,330.57821,408.09033,124.81071,-77.512118,0.2987601,47.298588
2025,262.70833,1700,103.89725,33.78799,333.0327,401.65115,22.174717,295.32471,333.26941,401.68199,69.89894,-68.4126,0.32350178,1.4863413
2025,262.72917,1730,42.20706,15.1476,335.11835,390.25953,20.18947,293.33946,335.31546,390.2912,26.978281,-54.975763,0.35084663,-27.99748
2025,262.75,1800,5.1480134,2.1109149,331.50051,378.25528,17.836886,290.98687,331.66991,378.2844,-330.27201,-46.614502,-333.31219,-43.586514
2025,262.77083,1830,-1.2528211,1.1119531,331.56115,371.49751,16.313442,289.46343,331.70581,371.52236,-2.3576798,-39.816552,-668.16785,-42.174231
2025,262.79167,1900,-0.6320337,1.8054808,330.9953,373.25552,16.068913,289.21891,331.13779,373.27123,-2.4302021,-42.133449,-2001.8458,-44.56365
2025,262.8125,1930,-1.2926706,1.5693428,324.38323,368.76703,15.392915,288.54289,324.53484,368.78548,-2.8534273,-44.250647,-1.8804343,-47.104072
2025,262.83333,2000,-0.76644203,2.0533363,322.28628,368.78363,15.089018,288.23901,322.43941,368.79724,-2.8113191,-46.357856,-5.0134199,-49.169173
2025,262.85417,2030,-1.2167125,1.8208134,319.02071,366.50649,14.743401,287.89338,319.17823,366.52153,-3.0284133,-47.343319,-1.669736,-50.37173
2025,262.875,2100,-0.49759071,2.2748764,322.57062,366.80469,14.255084,287.40507,322.70982,366.81118,-2.7641495,-44.101373,-1670.5807,-46.865519
2025,262.89583,2130,-334.80571,2.5280535,320.85999,369.56897,14.471414,287.6214,321.00768,369.57052,-3.0217606,-48.562856,-671.321,-51.584614
2025,262.91667,2200,-0.88019068,2.0053134,320.91294,368.24053,14.326058,287.47605,321.05824,368.24384,-2.8768475,-47.185606,-3.1077885,-50.062451
2025,262.9375,2230,-0.97117455,1.8291427,320.74826,365.74462,13.681579,286.83157,320.884,365.74538,-2.7919163,-44.861373,-2.3840321,-47.653288
2025,262.95833,2300,-0.69036681,2.1376863,320.90063,365.75027,13.425872,286.57587,321.03196,365.74706,-2.819569,-44.715095,-4.1460863,-47.534662
2025,262.97917,2330,-0.65373305,2.233123,319.55577,365.59636,13.257499,286.40749,319.68856,365.59101,-2.8781954,-45.902467,-4.2277058,-48.78066
2025,263,0,-0.74473338,2.1172954,320.60343,364.93009,13.189033,286.33902,320.73199,364.92565,-2.8534427,-44.193681,-3.267302,-47.047123
2025,263.02083,30,-0.58564774,1.7613763,328.78208,365.6345,12.918646,286.06863,328.88196,365.62382,-2.3399829,-36.741863,-1002.3679,-39.081843
2025,263.04167,100,-334.39059,1.69628,337.36962,368.52455,12.848796,285.99878,337.44268,368.50415,-1.778609,-31.061464,-5667.208,-32.840072
2025,263.0625,130,-0.65815762,1.7036612,328.74224,366.29753,12.682219,285.83221,328.83857,366.28118,-2.3547334,-37.442625,-3.4561886,-39.797357
2025,263.08333,200,-0.50682772,1.6688318,330.64448,366.26781,12.514221,285.66421,330.73256,366.24901,-2.1691325,-35.516456,-670.79366,-37.685587
2025,263.10417,230,-0.65110277,1.506791,329.66344,364.80828,12.221782,285.37177,329.75001,364.7894,-2.15142,-35.03941,-669.12446,-37.190828
2025,263.125,300,0.098039165,1.0528895,353.29169,370.86486,12.391958,285.54195,353.30992,370.83037,-0.95198584,-17.520454,-3331.6276,-18.472438
2025,263.14583,330,-0.046613719,1.0269769,354.25904,372.64401,12.657693,285.80769,354.27846,372.60828,-1.0703698,-18.329815,-2998.8577,-19.400184
2025,263.16667,400,0.18201135,0.72915598,363.48688,375.0546,12.822486,285.97247,363.48113,375.01416,-0.5455032,-11.533018,-1996.4038,-12.078521
2025,263.1875,430,0.0092480859,0.74431432,361.93369,375.95025,13.04081,286.19079,361.936,375.9105,-0.73286102,-13.974514,-4997.9963,-14.707376
2025,263.20833,500,-0.33072251,1.0942732,347.75671,373.8676,13.069909,286.2199,347.80195,373.8345,-1.4207208,-26.032554,-1001.0052,-27.453273
2025,263.22917,530,1.2037163,1.15933,353.74461,375.71052,13.193632,286.34363,353.77383,375.67385,0.044253236,-21.900018,-2331.5265,-21.855763
2025,263.25,600,8.542296,2.504758,364.83625,377.6789,13.329223,286.47921,364.83426,377.63839,6.0194249,-12.804122,0.32314285,-6.7846966
2025,263.27083,630,25.436437,6.4067373,360.9559,378.92394,13.418091,286.56808,360.96692,378.88106,18.972612,-17.914137,0.25207043,1.0584748
2025,263.29167,700,67.556967,15.851608,356.76106,382.36757,13.838824,286.98882,356.7912,382.32089,51.550245,-25.529688,0.23486976,26.020558
2025,263.3125,730,100.84854,23.347877,339.51502,384.41231,14.488444,287.63843,339.60703,384.36962,77.268166,-44.7626,0.23028986,32.505569
2025,263.33333,800,137.37237,32.34705,354.17424,390.30614,15.478571,288.62856,354.23781,390.26132,104.71024,-36.0235,0.23434405,68.68674
2025,263.35417,830,177.788,43.680204,360.24296,396.71465,16.620328,289.77032,360.30649,396.66877,133.70548,-36.362285,0.24646193,97.343199
2025,263.375,900,236.74234,55.963363,351.44507,403.86511,18.124332,291.27432,351.55922,403.82201,180.23665,-52.262785,0.2345181,127.97387
2025,263.39583,930,396.6892,96.750143,353.84097,414.25485,20.110202,293.26019,353.9806,414.21324,299.03924,-60.232637,0.24193109,238.80662
2025,263.41667,1000,330.23891,75.419565,360.0534,412.53476,20.399027,293.54902,360.17909,412.50301,254.05487,-52.323911,0.22657234,201.73097
2025,263.4375,1030,237.17962,52.283869,381.19925,410.97606,20.247503,293.39749,381.25899,410.94646,184.34106,-29.68748,0.22045319,154.65358
2025,263.45833,1100,178.03085,39.870616,385.55281,407.36298,19.708298,292.85828,385.59056,407.3353,137.74576,-21.74474,0.22416641,116.00102
2025,263.47917,1130,67.794637,16.183493,391.12996,402.00473,18.172061,291.32205,391.12594,401.96809,51.456308,-10.842142,0.26313475,40.614164
2025,263.5,1200,29.552391,8.3315872,390.07321,398.32266,16.112544,289.26253,390.03914,398.26384,21.15714,-8.2247087,0.28718828,12.932432
2025,263.52083,1230,65.319632,16.086304,391.13635,399.85734,16.126458,289.27645,391.0993,399.79413,49.085627,-8.6948283,0.24660629,40.3908
2025,263.54167,1300,50.090621,12.460622,389.84369,398.15316,15.978332,289.12831,389.80836,398.09291,37.517108,-8.2845489,0.2590296,29.232559
2025,263.5625,1330,54.18754,13.919765,385.12791,394.66184,15.297792,288.44779,385.09579,394.60111,40.146972,-9.5053261,0.26017264,30.641647
2025,263.58333,1400,112.42716,26.788428,383.44377,398.86652,15.705983,288.85597,383.42313,398.79961,85.381811,-15.376482,0.23924404,70.005326
2025,263.60417,1430,182.9225,45.844454,378.88503,400.46378,16.215811,289.3658,378.88621,400.40022,136.66681,-21.514012,0.24891835,115.1528
2025,263.625,1500,205.8189,50.551043,361.93335,66.14012,16.679817,289.8298,361.99277,400.38415,154.80205,-38.391374,0.24444938,116.41068
2025,263.64583,1530,161.91311,39.851463,364.14399,398.39733,16.450261,289.60024,364.19308,398.34365,121.69546,-34.150572,0.24599101,87.544885
2025,263.66667,1600,216.94445,58.628333,360.9594,400.57786,17.199265,290.34925,361.03012,400.52973,157.84116,-39.499603,0.26820392,118.34157
2025,263.6875,1630,106.06534,25.411236,349.31387,395.18193,16.848428,289.99841,349.41386,395.14432,80.412141,-45.730455,0.23984211,34.681687
2025,263.70833,1700,55.935176,14.807098,352.89421,391.51159,16.014218,289.16421,352.9701,391.47163,41.004695,-38.501528,0.26501715,2.5031681
2025,263.72917,1730,24.431381,7.2081571,353.56529,389.99186,15.755821,288.90581,353.63511,389.9524,17.171555,-36.317289,0.30860874,-19.145734
2025,263.75,1800,3.172023,2.120981,359.9682,390.14576,15.821698,288.97168,360.01986,390.10688,1.0478891,-30.087025,1.2043585,-29.039133
2025,263.77083,1830,-0.60283994,1.1908856,358.95162,390.60145,16.0523,289.20229,359.01004,390.56493,-1.7883443,-31.554888,-335.92236,-33.343231
2025,263.79167,1900,-0.83734981,1.2634247,352.11885,389.71235,15.922714,289.0727,352.19568,389.67639,-2.094472,-37.480719,-2.004307,-39.575189
2025,263.8125,1930,-0.75746201,1.6092334,348.13765,390.09387,16.146559,289.29655,348.22993,390.06027,-2.3595954,-41.830356,-3.0670267,-44.18995
2025,263.83333,2000,-0.98716997,1.5859795,342.76777,389.81194,16.227852,289.37783,342.87743,389.78048,-2.5654299,-46.903051,-1.85838,-49.468479
2025,263.85417,2030,-1.126246,1.4961146,341.87153,389.69501,16.250405,289.40039,341.98426,389.66427,-2.6144935,-47.680012,-1.5075653,-50.294505
2025,263.875,2100,-0.36098997,0.84034188,368.39356,392.63766,16.49641,289.6464,368.43067,392.60204,-1.1977278,-24.171366,-1668.9963,-25.369093
2025,263.89583,2130,-0.47897738,0.70755202,368.17146,393.13738,16.620769,289.77076,368.21118,393.10221,-1.1829698,-24.891028,-1667.1433,-26.073997
2025,263.91667,2200,-335.60147,2.6548091,380.76234,395.11713,16.437145,289.58714,380.76142,395.07312,-3.9415095,-14.31172,-335.05167,-18.253229
2025,263.9375,2230,-1.4342661,2.2020687,378.70728,393.77819,16.244945,289.39494,378.70957,393.73526,-3.6254259,-15.025693,-1.7136196,-18.651117
2025,263.95833,2300,-1.1487582,0.72675819,380.82067,393.22104,16.340378,289.49037,380.81798,393.18114,-1.8698898,-12.363172,-0.6511937,-14.233062
2025,263.97917,2330,-1.4339117,1.1095553,372.27053,391.62658,16.107277,289.25727,372.28981,391.58778,-2.5358367,-19.297987,-0.77055625,-21.833822
2025,264,0,-1.3939709,0.90318357,375.33259,389.04409,15.645225,288.79523,375.33533,389.0057,-2.290263,-13.670365,-0.89518317,-15.960627
2025,264.02083,30,-0.95423238,0.26518838,377.73582,387.12203,15.378612,288.52859,377.72712,387.08518,-1.2157625,-9.3580557,-0.31580882,-10.573818
2025,264.04167,100,-0.69164615,0.2626036,369.828,385.14852,15.18875,288.33874,369.84008,385.11461,-0.95138695,-15.274554,-333.56151,-16.225941
2025,264.0625,130,-1.1159012,0.4016805,343.99627,380.77217,14.633359,287.78335,344.07708,380.74267,-1.5130289,-36.665578,-0.41506047,-38.178605
2025,264.08333,200,-1.669248,0.73568318,314.43429,376.37806,13.962071,287.11206,314.59332,376.35126,-2.3977165,-61.757937,-0.49278532,-64.155652
2025,264.10417,230,-1.8249924,0.88512524,309.19111,371.68098,13.085295,286.23528,309.35231,371.6547,-2.7019873,-62.302404,-0.51822174,-65.004387
2025,264.125,300,-1.4237284,0.89071108,317.79047,371.23788,12.729568,285.87956,317.92042,371.20748,-2.3074962,-53.287072,-0.68907244,-55.594567
2025,264.14583,330,-1.27623,0.75094146,318.82687,370.96031,12.570039,285.72004,318.95126,370.92828,-2.02109,-51.977035,-0.64987837,-53.998122
2025,264.16667,400,-1.1656737,0.69104368,326.75095,370.02699,12.326923,285.47692,326.84782,369.99403,-1.8511473,-43.146216,-0.65594056,-44.997363
2025,264.1875,430,-1.2152409,0.753191,323.01566,369.60366,12.284296,285.43429,323.12309,369.57132,-1.9625266,-46.44823,-0.70167253,-48.410756
2025,264.20833,500,-1.2111894,0.67477445,324.10906,369.02741,12.132438,285.28243,324.21092,368.99449,-1.8803058,-44.783592,-0.63241832,-46.663897
2025,264.22917,530,0.17572374,0.39176531,352.42069,370.95979,12.222256,285.37224,352.43896,370.92244,-0.21539344,-18.483483,-1333.3199,-18.698878
2025,264.25,600,7.7907763,2.0250108,348.0989,369.40518,11.923498,285.0735,348.12557,369.36792,5.7484681,-21.242364,0.26357392,-15.493895
2025,264.27083,630,36.393723,9.039888,351.15444,370.09723,11.912453,285.06244,351.17177,370.05772,27.271774,-18.885969,0.24553129,8.3858048
2025,264.29167,700,95.600465,24.559639,336.10813,370.37387,11.935725,285.08573,336.17096,370.3339,70.827705,-34.162941,0.2557147,36.664765
2025,264.3125,730,71.735065,17.281836,356.96163,371.67609,11.902469,285.05246,356.96145,371.63177,54.289873,-14.670319,0.24110785,39.619554
2025,264.33333,800,83.817068,19.453808,360.10145,371.25907,10.490807,283.64079,360.07051,371.19465,64.170173,-11.124149,0.23431188,53.046024
2025,264.35417,830,132.96097,30.175726,352.2153,374.8455,11.239405,284.3894,352.21927,374.78159,102.4769,-22.562314,0.22606574,79.914577
2025,264.375,900,235.62752,54.820521,354.80613,380.87262,11.990689,285.14067,354.81378,380.80208,180.26458,-25.988287,0.23140877,154.27629
2025,264.39583,930,288.0351,66.913367,345.57673,380.41213,12.237388,285.38738,345.61576,380.34664,220.45836,-34.730895,0.2319209,185.72748
2025,264.41667,1000,282.65692,64.915019,341.7173,380.63483,12.752914,285.90291,341.77579,380.57658,217.08868,-38.800783,0.22938598,178.2879
2025,264.4375,1030,241.85102,53.971856,347.49541,378.41511,12.734784,285.88477,347.53647,378.36341,187.31553,-30.826942,0.22392966,156.4886
2025,264.45833,1100,247.55569,57.628303,343.83081,378.36679,11.938999,285.08899,343.87056,378.30293,189.3576,-34.432373,0.23344173,154.92523
2025,264.47917,1130,188.0324,43.411214,348.70241,376.30314,12.144682,285.29468,348.7307,376.24864,144.18732,-27.51793,0.23976268,116.66939
2025,264.5,1200,289.77809,69.131609,331.57086,377.96984,11.932398,285.08239,331.64738,377.90716,219.98455,-46.259781,0.24107601,173.72476
2025,264.52083,1230,300.7212,69.499972,334.84841,379.60697,13.390904,286.54089,334.9374,379.56167,230.52758,-44.624277,0.2323994,185.90331
2025,264.54167,1300,258.14598,58.225856,332.96135,377.14825,12.854053,286.00404,333.04772,377.10344,199.32036,-44.055731,0.22611149,155.26463
2025,264.5625,1330,366.89775,85.229899,321.64106,383.16417,13.79909,286.94907,321.77605,383.11457,280.82284,-61.338541,0.22998851,219.48431
2025,264.58333,1400,338.74806,80.282796,329.82431,383.73897,15.142443,288.29244,329.95578,383.70867,257.68986,-53.752926,0.23145304,203.93695
2025,264.60417,1430,394.67548,97.668965,299.3004,381.78689,15.229328,288.37931,299.52482,381.76382,296.11549,-82.239025,0.24094825,213.87648
2025,264.625,1500,372.48908,96.046264,292.13471,380.88764,15.695085,288.84507,292.38798,380.87466,275.61351,-88.486681,0.25266828,187.12681
2025,264.64583,1530,278.7218,75.145389,296.57419,376.94725,14.881049,288.03104,296.80136,376.93331,202.96568,-80.131946,0.25654721,122.83374
2025,264.66667,1600,207.02207,55.062597,319.74036,376.40429,14.987073,288.13707,319.89964,376.39357,151.50359,-56.493935,0.24910947,95.009652
2025,264.6875,1630,103.89664,28.603792,301.61688,368.43514,12.846848,285.99684,301.79719,368.41499,75.066964,-66.617812,0.25803954,8.4491526
2025,264.70833,1700,117.85643,43.173464,289.09212,367.07623,13.381963,286.53196,289.31822,367.06836,74.458919,-77.750162,0.36865471,-3.2912403
2025,264.72917,1730,44.880375,17.271511,289.66087,361.66103,12.365894,285.51589,289.86965,361.65381,27.526036,-71.784165,0.37591937,-44.258127
2025,264.75,1800,4.9746212,3.4840293,295.06411,357.10902,10.598519,283.74851,295.22993,357.08869,1.4861203,-61.858772,-332.81291,-60.372649
2025,264.77083,1830,-1.7723186,2.2092236,292.11149,351.95782,9.4398851,282.58988,292.26887,351.93564,-3.9695975,-59.666787,-1.4472933,-63.636381
2025,264.79167,1900,-335.13016,2.2653097,304.26669,354.63001,9.3591052,282.50909,304.3864,354.59861,-3.0832809,-50.212223,-334.51736,-53.295504
2025,264.8125,1930,-2.0498034,2.2000029,287.2855,349.07618,9.0322896,282.18228,287.45135,349.05665,-4.2370569,-61.605314,-1.2505327,-65.84237
2025,264.83333,2000,-1.9429941,2.4269907,282.10988,341.21868,7.8453484,280.99534,282.27387,341.20532,-4.3568748,-58.931472,-1.3496447,-63.288346
2025,264.85417,2030,-1.0228234,3.0655425,279.86168,338.18495,7.2685928,280.41859,280.02402,338.17231,-4.0761007,-58.148291,-1336.7334,-62.224389
2025,264.875,2100,-1.1187924,3.0284283,280.15874,336.29974,7.13252,280.28252,280.31823,336.29081,-4.1347791,-55.972578,-335.40693,-60.107354
2025,264.89583,2130,-1.6255292,2.211047,279.42694,333.65012,6.4685438,279.61854,279.57904,333.63956,-3.8250665,-54.060518,-1.5363513,-57.885583
2025,264.91667,2200,-1.57676,2.3984261,286.09115,334.18633,6.1810621,279.33104,286.21914,334.17004,-3.9632605,-47.950895,-2.3520248,-51.914153
2025,264.9375,2230,-1.1965146,2.6619063,294.89829,335.99212,6.2039143,279.35389,295.0002,335.97075,-3.8468457,-40.97055,-2.6489963,-44.817393
2025,264.95833,2300,-1.007039,3.2433555,297.67593,336.79251,6.3790868,279.52907,297.77201,336.77124,-4.2376433,-38.999227,-669.42599,-43.236869
2025,264.97917,2330,-1.0322254,4.4468311,286.44435,338.06191,6.8682571,280.01825,286.58113,338.04384,-5.4626193,-51.462704,-4.7204834,-56.925322
2025,265,0,-1.5089641,3.4710885,279.78286,335.30264,6.7151839,279.86517,279.93743,335.29066,-4.9651124,-55.353226,-2.4475125,-60.318336
2025,265.02083,30,-1.1453414,3.1650563,280.3738,334.74279,6.4833721,279.63336,280.52326,334.72916,-4.2974665,-54.205887,-2.9733553,-58.503351
2025,265.04167,100,-1.1453213,3.7698638,279.36753,340.54044,6.7432422,279.89323,279.52376,340.51314,-4.9004396,-60.989397,-4.3413906,-65.889836
2025,265.0625,130,-1.8201169,3.227491,281.38774,341.95932,6.7742451,279.92424,281.53834,341.92819,-5.0324651,-60.389862,-1.8566941,-65.422327
2025,265.08333,200,-1.320344,2.8068689,289.19664,340.38296,6.4669132,279.61691,289.31944,340.35219,-4.1148313,-51.032767,-668.79663,-55.147596
2025,265.10417,230,-1.1440279,3.0475471,294.83672,344.81726,6.8812815,280.03127,294.94852,344.7791,-4.1790002,-49.830603,-336.81278,-54.009602
2025,265.125,300,-1.4241434,3.1032862,282.84287,344.98964,7.0641366,280.21413,282.9933,344.95362,-4.5138474,-61.960334,-2.271953,-66.474181
2025,265.14583,330,-1.9022818,2.7701545,287.32348,346.25799,7.2680862,280.41808,287.4634,346.22108,-4.658419,-58.757711,-1.4960729,-63.416129
2025,265.16667,400,-1.7061208,2.4381788,301.90997,347.53203,7.3516087,280.5016,302.00736,347.49254,-4.1318666,-45.4852,-1.9804053,-49.617065
2025,265.1875,430,-2.5037675,2.5252341,288.15438,346.69888,7.4635988,280.61359,288.29464,346.66349,-5.0139146,-58.368861,-1.0618342,-63.382775
2025,265.20833,500,-2.368693,2.7750724,287.12585,347.54788,7.5938776,280.74387,287.27108,347.51186,-5.1283341,-60.240776,-1.2072863,-65.369108
2025,265.22917,530,-0.81496936,3.0063383,289.1472,346.2506,7.5480183,280.69802,289.28571,346.21778,-3.8098438,-56.93209,-333.68444,-60.741933
2025,265.25,600,8.3875314,4.8726975,279.54407,343.21107,7.45659,280.60658,279.71006,343.18606,3.5042895,-63.475999,0.76203097,-59.971706
2025,265.27083,630,27.613265,9.1437226,279.07876,344.17323,7.3827623,280.53276,279.24507,344.14424,18.414133,-64.899186,0.33943597,-46.48505
2025,265.29167,700,97.292543,31.493237,278.57753,351.00795,8.3181044,281.46809,278.75901,350.97212,65.601909,-72.213134,0.32140252,-6.6112217
2025,265.3125,730,182.27412,54.814837,278.18567,359.65775,10.366557,283.51655,278.39865,359.6263,127.0769,-81.227667,0.30055962,45.849238
2025,265.33333,800,287.89462,79.996444,279.75479,367.51145,12.050291,285.20029,279.98848,367.48187,207.27447,-87.4934,0.27837331,119.78107
2025,265.35417,830,362.88146,96.959731,280.38098,370.77502,12.446192,285.59618,280.61881,370.74167,265.12398,-90.122861,0.26730615,175.00111
2025,265.375,900,433.85622,112.96601,284.90928,375.82734,13.094913,286.24491,285.14355,375.78884,319.92754,-90.645306,0.26044282,229.28223
2025,265.39583,930,475.58995,120.97461,300.90294,379.90379,13.587548,286.73754,301.0968,379.85786,353.55149,-78.761075,0.25017813,274.79042
2025,265.41667,1000,489.52328,121.834,308.70585,385.58323,14.699899,287.84989,308.89367,385.54041,366.58621,-76.646754,0.24391392,289.93945
2025,265.4375,1030,273.09469,64.945239,324.29857,373.92588,13.248626,286.39862,324.417,373.89542,207.52499,-49.478432,0.23541998,158.04657
2025,265.45833,1100,434.88852,103.27958,320.48463,383.07734,14.453241,287.60323,320.63329,383.03821,330.61413,-62.40494,0.23168212,268.20917
2025,265.47917,1130,534.34318,128.20491,324.22081,387.30467,14.80159,287.95158,324.36379,387.2584,404.91987,-62.89461,0.23571313,342.02526
2025,265.5,1200,374.88335,86.850898,310.87542,382.47394,14.765364,287.91534,311.05788,382.44158,287.16835,-71.383723,0.22255505,215.78464
2025,265.52083,1230,658.738,156.91735,304.61695,391.77767,16.045299,289.19529,304.83833,391.73757,500.3152,-86.899236,0.23636513,413.41594
2025,265.54167,1300,484.85702,115.54099,309.67959,388.24127,15.745645,288.89563,309.88113,388.20714,368.2081,-78.325995,0.23219509,289.88209
2025,265.5625,1330,545.23412,129.48589,300.03882,393.09196,17.221395,290.37138,300.29281,393.06677,414.50097,-92.773976,0.23354106,321.72701
2025,265.58333,1400,530.94238,130.22072,288.13533,388.13161,16.63273,289.78272,288.41543,388.11171,399.5195,-99.696282,0.24504246,299.82322
2025,265.60417,1430,479.94564,120.72844,287.65144,387.72761,16.813922,289.96391,287.93592,387.71184,358.13955,-99.775931,0.2515928,258.36363
2025,265.625,1500,413.93467,107.63304,286.93483,383.60411,16.64288,289.79287,287.21873,383.59797,305.38273,-96.379254,0.26028081,209.00347
2025,265.64583,1530,347.20069,95.686039,286.8615,379.78236,15.985627,289.13562,287.13514,379.77721,250.76012,-92.64208,0.27574814,158.11802
2025,265.66667,1600,276.55878,81.989565,293.48125,374.53664,14.867888,288.01788,293.71734,374.52956,193.98551,-80.81223,0.29667294,113.17328
2025,265.6875,1630,191.01505,61.523771,291.65399,370.49852,14.389267,287.53924,291.88805,370.49603,129.10279,-78.607998,0.32358145,50.494802
2025,265.70833,1700,96.513389,35.645031,284.79318,363.57232,13.429883,286.57988,285.03295,363.57575,60.685756,-78.542802,0.37157004,-17.857046
2025,265.72917,1730,30.425889,13.024812,279.58177,354.95445,11.646223,284.79622,279.80989,354.95644,17.348874,-75.146568,0.41899928,-57.79769
2025,265.75,1800,1.250084,2.6975309,278.009,346.10119,9.2637231,282.41372,278.20612,346.09403,-1.4431048,-67.887921,-1.525895,-69.331024
2025,265.77083,1830,-1.7383707,2.5492877,278.45969,345.90023,8.3976989,281.54769,278.64266,345.88087,-4.2747951,-67.238223,-1.5913505,-71.513018
2025,265.79167,1900,-2.0156506,2.5414147,276.19873,341.58681,7.6546259,280.80462,276.37767,341.56957,-4.5433943,-65.191918,-1.4194956,-69.735311
2025,265.8125,1930,-1.2447668,2.8270517,277.34597,339.33436,7.0928629,280.24286,277.5133,339.31573,-4.059603,-61.802426,-335.28517,-65.862028
2025,265.83333,2000,-1.0566057,3.3525853,275.77827,343.62875,7.5241802,280.67417,275.95654,343.60347,-4.3959634,-67.646929,-335.8388,-72.042891
2025,265.85417,2030,-1.3660735,2.840582,275.97016,342.80652,7.5622048,280.71219,276.1484,342.78424,-4.1940357,-66.635848,-2.4058385,-70.829883
2025,265.875,2100,-1.8938853,2.4953191,274.80173,339.10454,7.0774667,280.22746,274.97648,339.08638,-4.376037,-64.109902,-1.4400452,-68.485936
2025,265.89583,2130,-1.0722168,2.9061304,273.65506,336.92963,6.6105789,279.76056,273.82652,336.91126,-3.9664122,-63.084751,-3.8326013,-67.051162
2025,265.91667,2200,-1.2802503,2.8214361,274.64437,335.24472,6.3627263,279.51272,274.8093,335.22786,-4.0893812,-60.418545,-2.4957116,-64.507925
2025,265.9375,2230,-1.2850604,2.8003385,275.41132,330.75518,5.6912517,278.84124,275.56436,330.7422,-4.0731427,-55.177831,-2.5098572,-59.250972
2025,265.95833,2300,-0.7421308,2.9918461,277.12181,328.22265,5.3416467,278.49164,277.26474,328.21228,-3.7227749,-50.947541,-4.8495289,-54.670314
2025,265.97917,2330,-0.72181581,2.8258486,283.03142,328.27301,5.1218885,278.27188,283.15351,328.25938,-3.5370215,-45.105864,-339.87072,-48.642883
2025,266,0,-0.49347949,2.8983565,296.38749,333.42181,5.4485423,278.59854,296.47417,333.39738,-3.3816605,-36.923216,-336.0539,-40.304877
2025,266.02083,30,-1.3165285,2.620473,305.78364,336.02678,5.6356998,278.78569,305.84477,335.9972,-3.9251906,-30.152417,-336.39782,-34.077608
2025,266.04167,100,-1.0662606,2.5808703,311.149,335.61637,5.3754069,278.52539,311.19035,335.58433,-3.6361894,-24.393976,-336.54043,-28.030165
2025,266.0625,130,-0.50130736,2.5676218,317.45829,337.50942,5.5823642,278.73235,317.48362,337.47461,-3.0597224,-19.990982,-1671.7164,-23.050704
2025,266.08333,200,-1.4661615,1.9730275,318.27349,336.42429,5.2789752,278.42897,318.2921,336.38844,-3.4288715,-18.096348,-1.8510755,-21.525218
2025,266.10417,230,-1.2036986,2.1733841,319.08764,336.0804,5.1692101,278.3192,319.10225,336.04404,-3.3669514,-16.941788,-3.0830903,-20.308739
2025,266.125,300,-1.47401,1.994966,318.54077,334.69008,4.7556641,277.90566,318.55121,334.65206,-3.4585692,-16.100858,-1.4183091,-19.559427
2025,266.14583,330,-1.1533573,2.2200508,319.08891,334.27164,4.5738094,277.7238,319.09512,334.2323,-3.3632879,-15.137175,-1000.446,-18.500465
2025,266.16667,400,-1.0200728,2.4256052,319.17476,333.09114,4.2569299,277.40693,319.17626,333.0509,-3.4353408,-13.874634,-335.35757,-17.309973
2025,266.1875,430,-0.9764012,2.1527576,320.0991,333.37887,4.2733728,277.42336,320.09808,333.33801,-3.1197713,-13.239935,-2.5834148,-16.359706
2025,266.20833,500,0.39765981,3.0972549,321.4446,334.83407,4.607493,277.75749,321.44425,334.79356,-2.6914965,-13.349305,-1997.576,-16.040802
2025,266.22917,530,0.14783953,2.3151908,327.04348,341.68697,6.0226861,279.17268,327.04636,341.64591,-2.1650159,-14.599558,-999.154,-16.764575
2025,266.25,600,14.188646,7.2388996,323.80896,337.73871,5.2456222,278.39561,323.8105,337.69847,6.9288968,-13.887959,0.63863511,-6.9590608
2025,266.27083,630,64.010596,30.052168,328.23679,343.1139,6.3365223,279.48651,328.24063,343.07309,33.856552,-14.832477,0.4564352,19.024076
2025,266.29167,700,140.99806,56.297577,333.98156,355.10171,8.4391059,281.58909,333.99864,355.05543,84.446392,-21.05679,0.40266008,63.389603
2025,266.3125,730,197.8006,63.79377,329.41588,363.27839,9.8022819,282.95227,329.46675,363.22767,133.60481,-33.760923,0.31784373,99.843891
2025,266.33333,800,283.24531,83.851153,295.35077,370.58403,10.774577,283.92456,295.51839,370.52595,198.79597,-75.007561,0.29663113,123.78842
2025,266.35417,830,359.56712,95.770319,291.57841,376.87116,12.622174,285.77217,291.78535,376.82222,263.00542,-85.036875,0.26669293,177.96854
2025,266.375,900,240.17971,57.998011,292.46085,372.5804,12.150335,285.30033,292.65793,372.53712,181.63516,-79.879191,0.23798119,101.75595
2025,266.39583,930,465.8572,117.72249,313.20443,384.75761,13.490325,286.64031,313.35997,384.69849,347.09033,-71.338528,0.24924156,275.75179
2025,266.41667,1000,577.16818,141.57331,325.16552,391.68771,15.322921,288.47291,325.31376,391.63638,434.28808,-66.322632,0.24229424,367.96544
2025,266.4375,1030,542.62867,131.06187,314.36477,392.77591,15.675104,288.82509,314.55099,392.72688,410.33212,-78.175913,0.23656422,332.1562
2025,266.45833,1100,509.9996,121.80541,319.85602,394.83606,16.498271,289.64826,320.03899,394.7941,387.0296,-74.755104,0.23245369,312.2745
