2025,259.47917,1130,13.895333,15.389667,90.253333,90.46,91.17,91.186667,90.27,13.909667,13.981333,13.948667,13.965667,14.056,3.3418,203.87949,3.0950578,206.75642,2.8062845,211.49161,2.4926845,213.20548,3.5582712,217.41179
2025,259.5,1200,13.869333,15.352,83.9,84.503333,85.216667,85.693333,86.57,14.69,14.802667,14.870333,14.879667,15.017667,5.9843157,204.99581,5.3194401,209.31286,4.7924179,213.48372,4.4884,210.39742,3.8115466,210.25139
2025,259.52083,1230,13.824333,16.526,75.319,76.048667,76.578667,77.121,78.224333,15.751,15.823667,15.919,15.924,16.019333,6.8637024,202.81916,6.1313157,207.0638,5.5450578,211.09501,5.2199155,208.74096,4.4718489,207.69766
2025,259.54167,1300,13.843667,17.097667,71.495333,72.266,72.875333,73.600333,74.934333,15.937,15.942333,15.973333,15.908333,15.851,7.2212933,204.38839,6.4170401,207.90325,5.7650136,212.63515,5.4052445,209.42293,4.6249468,208.01317
2025,259.5625,1330,13.843333,17.250333,67.294333,68.090333,68.709333,69.401333,70.814333,16.458333,16.472,16.475,16.396333,16.305333,6.7722357,208.32261,6.0442044,215.08898,5.4161334,218.63523,5.1110268,214.53243,4.3795112,214.31375
2025,259.58333,1400,13.723,17.087,75.791667,76.587,76.838333,77.235,78.097333,15.708667,15.714667,15.717,15.652667,15.557667,5.3673513,237.33994,4.6414979,242.06018,4.0752757,245.47343,3.8302755,241.71481,3.3054312,239.74897
2025,259.60417,1430,13.893667,15.999333,88.193333,89.08,89.73,90.046667,91.3,14.309667,14.335333,14.308,14.267,14.170667,4.2092089,253.85548,3.6495201,259.06164,3.1995912,260.68021,3.0053334,257.03124,2.5493067,253.87194
2025,259.625,1500,13.903333,15.261,81.098667,82.259,83.586,83.866,86.010667,15.235,15.229667,15.185667,15.153,15.016,3.5210312,223.89811,3.0660935,228.09728,2.6899911,231.09419,2.5373289,227.89066,2.1292134,227.2262
2025,259.64583,1530,13.889667,15.335333,70.424333,71.526333,72.626667,73.425333,75.795667,16.380667,16.368,16.346667,16.266,16.094333,4.5456756,226.51026,4.0088533,230.66627,3.5480357,234.30067,3.3468089,231.26963,2.8925244,227.39227
2025,259.66667,1600,13.871333,16.231333,66.909333,67.972,68.714333,69.525667,71.318333,16.620333,16.612333,16.594333,16.502667,16.354667,4.7325289,221.11742,4.1059823,225.94532,3.6512622,230.03531,3.4587467,226.62716,2.9994534,224.70404
2025,259.6875,1630,13.853667,16.913,65.231,66.035667,66.590667,67.376,68.950667,17.043,17.056667,17.069333,16.996,16.883,4.1181778,223.85388,3.5957289,227.75437,3.2302978,230.76431,3.0593423,227.18432,2.6161645,224.68958
2025,259.70833,1700,13.841,17.448,64.587,65.488333,66.137333,66.990333,68.638333,16.974,16.930667,16.883333,16.759,16.546333,4.7749956,211.78114,4.2055066,216.89715,3.7679912,220.69765,3.5425911,217.1531,3.0271111,216.59112
2025,259.72917,1730,13.543667,16.967333,66.746667,67.841,68.799667,69.763667,71.641667,16.432333,16.326667,16.204,16.011667,15.706333,3.7057068,209.20305,3.2377022,214.94541,2.8498399,218.94146,2.67344,216.5694,2.2450712,214.80861
2025,259.75,1800,12.866333,15.84,69.507667,70.503,71.304333,72.256667,74.115333,15.929667,15.822667,15.717333,15.524333,15.230667,3.65344,202.19164,3.2072133,207.53044,2.8598577,211.55943,2.6658178,207.50898,2.2246,207.9293
2025,259.77083,1830,12.786,15.105667,69.583333,70.542,71.259,72.171,73.890667,15.919,15.833667,15.752667,15.576,15.324,3.3455022,202.66128,2.9214889,209.58739,2.6037511,214.24926,2.4386756,210.98056,2.0218489,209.13123
2025,259.79167,1900,12.772667,14.824333,69.820333,70.751,71.496333,72.418667,74.137333,15.947667,15.860667,15.782667,15.607,15.356667,3.2220223,198.47186,2.8611644,201.92016,2.539071,208.80975,2.3570089,204.79159,1.9164445,204.30775
2025,259.8125,1930,12.768667,14.542667,70.635333,71.654333,72.571667,73.665,75.677333,15.704,15.59,15.448667,15.216,14.859,2.7115511,192.93332,2.3868445,196.94746,2.1276889,202.57059,1.9630489,199.82126,1.4338489,198.24353
2025,259.83333,2000,12.761,13.805667,72.345667,73.575667,74.993667,76.562333,79.228667,15.313,15.138,14.868,14.521333,13.995333,2.1631866,191.43984,1.8439244,197.17215,1.5734444,202.46557,1.4033599,201.05231,0.74022666,200.61293
2025,259.85417,2030,12.753667,13.101,74.306,75.623,77.204667,78.834,81.293667,14.922667,14.765,14.479667,14.164,13.708333,2.0301244,182.06249,1.7422223,185.83732,1.4580222,190.77821,1.29556,188.83512,0.58386222,187.94961
2025,259.875,2100,12.745333,12.648,75.611,76.827333,78.115667,79.568,81.903333,14.661667,14.546,14.323333,14.029333,13.606667,2.143369,181.5874,1.84436,186.82719,1.5754044,191.39011,1.4127244,188.99854,0.73369333,188.31893
2025,259.89583,2130,12.74,12.542,76.661667,77.701333,78.725333,79.997667,81.806667,14.519667,14.456333,14.305,14.080333,13.801667,2.5397244,179.99368,2.2230755,184.20811,1.9197111,188.74869,1.7341644,186.91651,1.1287423,186.74019
2025,259.91667,2200,12.732333,12.542333,77.786667,78.674,79.528333,80.564333,82.346667,14.523667,14.453,14.310333,14.098,13.77,2.9554623,183.40865,2.5963467,189.1489,2.2533467,194.54458,2.0664934,191.64236,1.5481822,190.92351
2025,259.9375,2230,12.725667,12.570667,82.413333,83.083333,83.63,84.423333,85.813333,14.651667,14.635667,14.560667,14.399667,14.159,3.2039467,183.88237,2.8265378,187.66347,2.5281823,192.03499,2.3398045,190.58362,1.8683157,191.03271
2025,259.95833,2300,12.72,12.888,84.906667,85.6,86.133333,86.83,87.953333,14.603667,14.579667,14.484,14.332,14.099333,3.2969378,181.78378,2.9358623,185.32413,2.5610666,191.25377,2.3602755,188.34675,1.8848667,186.55944
2025,259.97917,2330,12.711667,12.823333,85.496667,86.196667,86.903333,87.746667,89.16,14.460333,14.420333,14.289,14.106667,13.819333,3.0721912,185.4411,2.7620756,189.27507,2.4506533,194.55122,2.2733822,191.67607,1.7550712,190.88187
2025,260,0,12.706333,12.646,85.75,86.55,87.193333,88.036667,89.59,14.403333,14.339333,14.191667,13.977667,13.627333,2.4229956,191.92066,2.1272534,198.92257,1.8798577,202.52434,1.7165244,201.42393,1.1420266,201.96218
2025,260.02083,30,12.7,12.385333,86.92,87.71,88.43,89.336667,90.876667,14.294333,14.210333,14.034667,13.794,13.409,2.1982489,188.69898,1.9508533,195.18432,1.7017155,200.31662,1.5473111,198.34796,0.94668003,197.79824
2025,260.04167,100,12.693333,12.073333,87.39,88.24,89.103333,90.103333,91.74,14.116333,14.006667,13.777333,13.492333,13.057,2.0100889,184.56306,1.6838579,190.60808,1.4144666,195.59092,1.2594089,193.17699,0.63046666,191.63543
2025,260.0625,130,12.689,11.731667,89.036667,89.996667,90.82,91.79,93.196667,13.810333,13.697,13.476333,13.173667,12.758667,1.7428755,183.44031,1.4205645,188.99261,1.1803556,195.18494,1.0475111,192.62353,0.3852489,190.60695
2025,260.08333,200,12.681333,11.73,88.25,88.993333,89.673333,90.61,92.12,14.050333,14.022,13.932667,13.766,13.533333,2.2108799,188.89609,1.9279867,194.44738,1.6758,198.29726,1.5279289,197.94244,0.96867557,198.35186
2025,260.10417,230,12.677,12.023,87.183333,87.99,88.66,89.546667,90.853333,14.179,14.107667,13.924,13.670667,13.306333,1.8652667,182.37941,1.6215735,187.47412,1.392471,192.50743,1.2520044,189.55976,0.57014224,187.2929
2025,260.125,300,12.67,11.712333,89.336667,90.273333,91.096667,92.09,93.53,13.669,13.560667,13.328667,13.014667,12.583333,1.7219689,184.40912,1.4236134,189.68283,1.1694667,195.84141,1.0067867,193.0652,0.36347112,195.75271
2025,260.14583,330,12.664333,11.533667,89.526667,90.32,90.963333,91.81,93.263333,13.535333,13.481,13.370333,13.147333,12.832,2.0055155,182.00597,1.755289,186.8623,1.5401245,192.72434,1.3915999,189.86819,0.80904448,190.44262
2025,260.16667,400,12.659667,11.723,89.946667,90.606667,91.09,91.783333,92.95,13.505333,13.503667,13.448667,13.307667,13.127333,2.4066622,181.70069,2.1472889,187.12637,1.8883511,190.3203,1.7489734,188.36183,1.2134577,187.18604
2025,260.1875,430,12.652,11.943333,90.513333,91.21,91.616667,92.243333,93.243333,13.353333,13.32,13.243667,13.053667,12.831,2.1858356,179.72644,1.9369156,184.65083,1.6945289,188.53484,1.5444801,186.55669,0.91662667,186.16011
2025,260.20833,500,12.649,11.794,91.816667,92.51,92.94,93.59,94.51,13.045333,12.994,12.899,12.697,12.466667,2.40884,175.76786,2.1370534,181.56468,1.88356,187.1618,1.7354711,184.15276,1.1792667,183.01205
2025,260.22917,530,12.644333,11.682667,91.44,92.106667,92.6,93.32,94.236667,13.066333,13.041667,12.974333,12.777,12.602,2.3121466,174.66016,2.0015956,178.01376,1.7315511,182.92725,1.5904311,181.1631,1.0002534,180.81293
2025,260.25,600,12.713333,11.835333,90.553333,91.226667,91.7,92.406667,93.41,13.339,13.339333,13.313333,13.159,13.025333,2.5691244,167.14694,2.2479024,168.29275,1.9839556,170.74194,1.8153956,169.28619,1.2901155,167.21983
2025,260.27083,630,12.880667,12.198667,89.183333,89.86,90.32,91.046667,92.14,13.536333,13.563667,13.552,13.438333,13.318,2.3809645,179.48531,2.0736801,183.59804,1.8339067,188.1472,1.6967067,185.75129,1.1485601,183.49356
2025,260.29167,700,12.985,12.608333,88.163333,88.86,89.313333,89.916667,91.003333,13.687667,13.712333,13.701,13.634,13.521,2.5373289,174.52538,2.2614045,177.41996,1.9972399,180.68302,1.85024,180.11858,1.3243067,179.2294
2025,260.3125,730,13.038,12.875333,88.503333,89.233333,89.73,90.43,91.466667,13.695333,13.72,13.723333,13.618,13.527,2.7015334,169.94782,2.3877155,172.66344,2.1074357,176.30174,1.9343023,174.5785,1.4284044,173.7417
2025,260.33333,800,13.269333,13.173333,88.053333,88.7,89.17,89.833333,90.963333,14.006333,14.050333,14.053667,13.989333,13.897333,2.91648,172.66119,2.6514445,175.69996,2.3326178,178.35381,2.1455466,174.62849,1.6050223,173.68718
2025,260.35417,830,13.332,13.49,88.263333,88.823333,89.17,89.716667,90.82,14.154333,14.192,14.219667,14.167,14.060333,2.9894356,161.89188,2.7244,163.72711,2.4508712,166.86451,2.2816577,162.9102,1.7798977,161.09553
2025,260.375,900,13.855,13.843,89.336667,89.856667,90.233333,90.856667,91.833333,14.079333,14.147333,14.215667,14.199,14.164,3.5883245,166.89322,3.2250712,168.95864,2.8938311,171.92141,2.6518801,168.73754,2.1368356,168.38968
2025,260.39583,930,14.259,14.276667,88.963333,89.47,89.863333,90.48,91.62,14.315333,14.406,14.493333,14.474,14.461,3.4476401,166.36996,3.1296845,167.81236,2.7757956,170.57689,2.570649,168.35092,2.0734622,167.29874
2025,260.41667,1000,14.273,14.847,87.91,88.433333,88.78,89.353333,90.486667,14.724,14.832333,14.942333,14.939333,14.960667,3.4833557,169.75227,3.13404,172.52199,2.7533645,176.4349,2.5412489,173.35405,2.076511,172.89211
2025,260.4375,1030,14.271333,15.202333,88.103333,88.71,89.08,89.753333,90.903333,14.750667,14.832667,14.926333,14.897667,14.899667,3.1667068,164.0549,2.8265377,165.1418,2.5218667,167.13815,2.3258667,165.58251,1.8508933,164.36624
2025,260.45833,1100,14.260333,15.509,86.503333,87.006667,87.293333,87.92,89.136667,15.021333,15.103667,15.194667,15.169,15.162667,3.1172712,159.44495,2.8396045,160.28108,2.5488712,164.01434,2.3533067,161.51196,1.8524178,161.8786
2025,260.47917,1130,14.135333,15.582,83.906667,84.526667,85.05,85.806667,87.21,15.148333,15.196333,15.260333,15.211333,15.164667,4.2070311,164.77525,3.809369,167.03632,3.3966802,169.99477,3.1460179,166.90114,2.5569288,165.55727
2025,260.5,1200,13.873,15.475,88.13,88.723333,89.08,89.68,90.71,14.62,14.707333,14.775333,14.744333,14.739667,3.2000267,153.06987,2.9049378,156.27764,2.5538801,156.92629,2.3517822,154.76403,1.8694045,154.72581
2025,260.52083,1230,13.855,15.712667,87.603333,88.026667,88.133333,88.683333,89.786667,15.025,15.123667,15.245667,15.249333,15.332667,2.8781511,142.64782,2.646,144.14431,2.3959911,147.5638,2.2289556,146.03597,1.8055956,147.02076
2025,260.54167,1300,13.844333,16.134,84.926667,85.466667,85.52,86.046667,87.366667,15.482333,15.553,15.653667,15.637667,15.65,2.6852,151.08678,2.4092756,152.83207,2.1640578,154.97537,2.0201066,152.68038,1.5721378,149.90162
2025,260.5625,1330,13.83,16.614333,82.63,83.07,83.203333,83.643333,84.863333,15.939,15.997,16.118667,16.123333,16.137,3.3587867,152.42001,3.0414845,153.52682,2.7278844,155.73427,2.5466933,152.03689,2.0789066,151.7833
2025,260.58333,1400,13.824667,17.004,79.219333,79.786333,80.287,80.916333,82.363333,16.383667,16.430667,16.481667,16.43,16.354,4.0903022,159.28535,3.7159422,158.7148,3.3263378,163.25081,3.0697956,162.15947,2.5122845,161.17506
2025,260.60417,1430,13.840667,16.811667,78.738667,79.462,80.080333,80.901333,82.53,16.334,16.350333,16.367667,16.294667,16.144333,4.0998845,164.95303,3.7165955,166.30301,3.3043421,169.05582,3.0456223,167.07846,2.4876756,165.6779
2025,260.625,1500,13.864667,16.233333,85.683333,86.396667,87.133333,88.106667,89.25,15.469667,15.497333,15.483333,15.369,15.266667,4.1769777,170.20406,3.7281379,174.16327,3.29868,175.64979,3.0338623,172.96255,2.4852801,172.86454
2025,260.64583,1530,13.874333,15.587,89,89.686667,90.096667,90.95,91.81,15.064667,15.099,15.108,15.005,14.965667,2.6292312,160.17265,2.3487333,163.6169,2.1335689,165.23978,1.9920133,162.83509,1.5762755,163.74123
2025,260.66667,1600,13.893,15.161,89.016667,89.646667,89.99,90.823333,91.8,15.052667,15.073333,15.097,14.981333,14.9,2.4266978,152.59891,2.1873601,151.86135,1.988311,154.66258,1.8506755,151.87236,1.4142489,151.07471
2025,260.6875,1630,13.896667,14.937333,87.553333,88.226667,88.483333,89.486667,90.473333,15.337667,15.353,15.370667,15.25,15.178333,2.4434667,150.88384,2.2352712,152.60552,2.0290356,153.35519,1.8853022,150.43674,1.4329777,149.82559
2025,260.70833,1700,13.114333,14.865,83.913333,84.893333,85.19,86.94,88.196667,15.889667,15.856333,15.864333,15.647667,15.531,2.666689,155.23126,2.3949022,158.08683,2.1708089,158.16934,2.0046444,154.59471,1.5492712,155.91825
2025,260.72917,1730,12.935333,14.946333,80.346,81.326667,81.863333,83.86,84.956667,16.493333,16.455333,16.420333,16.155667,16.034333,3.3768623,161.68652,2.9872578,161.72732,2.6351112,165.37422,2.4105823,163.63863,1.9295111,162.71249
2025,260.75,1800,12.872,15.155333,78.846,79.681,80.563,82.53,83.806667,16.927333,16.886667,16.815667,16.539,16.368333,3.9160801,167.59697,3.5101423,170.1019,3.0430089,173.29025,2.7757956,171.38889,2.2640178,170.64447
2025,260.77083,1830,12.852333,15.303333,81.427,82.4,83.276667,84.813333,86.36,16.832,16.774333,16.706667,16.504667,16.290333,3.3324354,177.50467,2.97332,181.13715,2.6338044,185.72448,2.4273511,183.41257,1.9549912,182.6659
2025,260.79167,1900,12.836,15.312667,90.076667,90.81,91.203333,91.923333,92.753333,16.126,16.113,16.087,15.972,15.847333,3.0528089,180.03274,2.7320222,184.13661,2.4447734,189.17021,2.2764311,185.59295,1.8410933,185.28137
2025,260.8125,1930,12.821,15.330667,91.223333,91.846667,92.243333,93.083333,94.02,16.212667,16.207333,16.2,16.054667,15.942,3.2416223,183.32011,2.9003645,189.02831,2.5763111,194.42221,2.388369,190.51797,1.9615244,189.20656
2025,260.83333,2000,12.804333,15.433,87.356667,88.013333,88.6,89.516667,91.113333,16.811333,16.799333,16.763667,16.617667,16.418667,4.5075646,186.52689,4.0365111,190.80858,3.6177246,195.64232,3.36728,191.36204,2.8030178,190.79271
2025,260.85417,2030,12.79,15.584,88.806667,89.313333,89.59,90.233333,91.713333,16.723,16.720333,16.705333,16.606,16.400667,4.2388267,183.12313,3.8156844,189.17533,3.4295645,193.14458,3.1839111,189.58396,2.6418622,188.53852
2025,260.875,2100,12.776,15.726667,89.396667,89.9,90.153333,90.736667,92.053333,16.700667,16.696333,16.694333,16.605667,16.401333,4.2900045,186.76548,3.8272267,192.24796,3.4537379,195.46347,3.2080845,192.69426,2.6730044,192.77902
2025,260.89583,2130,12.763333,15.824,89.626667,90.1,90.383333,91.006667,92.253333,16.711333,16.721333,16.709,16.613667,16.426,3.5541333,184.66974,3.1786846,188.60764,2.8589866,192.60061,2.6494845,189.91572,2.1899734,190.31415
2025,260.91667,2200,12.748667,15.885667,88.866667,89.48,89.863333,90.58,91.88,16.875,16.870333,16.851,16.740667,16.561,3.4563512,186.15332,3.0697956,190.68096,2.7490089,196.00566,2.5493067,192.53572,2.1000311,193.26777
2025,260.9375,2230,12.735333,15.953333,87.403333,88.016667,88.513333,89.32,90.896667,17.202333,17.188333,17.153,17.034667,16.823,3.9805422,188.16136,3.53976,193.44623,3.18892,197.38163,2.9874756,195.33696,2.4739556,194.22839
2025,260.95833,2300,12.724333,16.072333,85.343333,86.066667,86.59,87.44,89.273333,17.585,17.562667,17.519333,17.393333,17.145667,3.7470844,192.0147,3.3121823,196.5745,2.9376043,201.43702,2.7289733,199.72845,2.255089,197.66793
2025,260.97917,2330,12.712333,16.255667,86.35,86.95,87.396667,88.15,89.666667,17.649333,17.639333,17.609333,17.484333,17.257,4.2429645,194.45071,3.8211289,198.13212,3.454391,202.20767,3.2204977,199.85902,2.6621156,199.12201
2025,261,0,12.702,16.393333,86.593333,87.336667,87.826667,88.653333,90.046667,17.704,17.683333,17.649667,17.522,17.315,3.9335023,196.56086,3.4657156,200.62082,3.1100845,205.54636,2.894049,202.20019,2.4084045,201.38756
2025,261.02083,30,12.693667,16.502333,84.506667,85.22,85.75,86.563333,88.093333,18.008667,17.978,17.939667,17.797333,17.58,4.2684446,191.07327,3.8028356,196.26498,3.3788223,200.97898,3.1397023,197.29002,2.6272711,197.64807
2025,261.04167,100,12.684,16.661,83.323333,84.04,84.576667,85.33,86.85,18.193333,18.161333,18.116333,17.992,17.757333,3.7865022,194.10534,3.3553024,199.04073,3.0001067,204.60277,2.7936535,202.41895,2.3204222,200.0329
2025,261.0625,130,12.678,16.874,82.61,83.293333,83.816667,84.56,85.966667,18.399667,18.364667,18.312,18.178,17.973333,4.1301556,191.66991,3.6482134,194.78044,3.2451067,197.02081,2.9964045,194.86262,2.4994356,194.67317
2025,261.08333,200,12.67,17.135333,82.08,82.65,83.066667,83.723333,85.04,18.519,18.494667,18.487333,18.331667,18.145667,5.1321511,194.00039,4.6086134,198.81017,4.1340756,203.33399,3.830929,200.90841,3.1937111,199.75217
2025,261.10417,230,12.667,17.372,81.403333,81.926667,82.25,82.87,84.17,18.546,18.523333,18.523333,18.381333,18.199667,5.5075999,193.31349,4.9646802,196.79618,4.4407068,202.50835,4.1379955,198.97185,3.4737734,198.30943
2025,261.125,300,12.66,17.542333,82.186667,82.696667,82.983333,83.52,84.663333,18.454333,18.441,18.426333,18.301667,18.114333,4.8416357,193.70636,4.3418356,197.70334,3.9102001,202.36081,3.6268712,200.22,3.0290711,200.59161
2025,261.14583,330,12.659,17.614667,84.146667,84.68,84.936667,85.45,86.46,18.358667,18.346667,18.330667,18.218,18.035333,4.4365689,194.65015,3.9687823,200.54976,3.53192,204.2587,3.2694979,202.51095,2.7257067,201.47122
2025,261.16667,400,12.651333,17.642,85.346667,85.86,86.08,86.533333,87.463333,18.327,18.315,18.311333,18.212333,18.040667,4.3461912,200.75609,3.8470446,205.2424,3.4535201,209.68395,3.2377023,207.53394,2.7278845,206.17007
2025,261.1875,430,12.65,17.669333,85.733333,86.256667,86.496667,86.97,87.96,18.330667,18.319333,18.311667,18.207667,18.038667,4.3856089,199.12392,3.8821067,205.11828,3.4617956,208.77625,3.2141823,206.83318,2.6852,206.45147
2025,261.20833,500,12.647667,17.598667,88.626667,89.15,89.416667,89.913333,90.793333,18.045667,18.045333,18.034667,17.938,17.778667,4.21988,192.16373,3.7403334,198.62714,3.3380978,203.17183,3.1011556,199.6458,2.5638978,197.8074
2025,261.22917,530,12.64,17.391,91.516667,92.09,92.43,93.026667,93.933333,17.755333,17.757,17.751,17.655667,17.489667,3.4696356,192.29606,3.0917911,197.03859,2.7673023,200.93088,2.57152,198.66188,2.1189779,195.50223
2025,261.25,600,12.641,17.226667,91.713333,92.256667,92.553333,93.153333,94.116667,17.745,17.746333,17.748,17.65,17.482333,3.1732401,191.4756,2.82044,196.12537,2.5410312,200.57841,2.3694223,197.62189,1.9488933,196.74062
2025,261.27083,630,12.651667,17.159667,89.58,90.203333,90.496667,91.356667,92.556667,17.944667,17.934667,17.945,17.803,17.631,3.41628,190.2735,3.0660933,195.4705,2.7542356,199.65268,2.5591066,197.37759,2.1181067,197.44095
2025,261.29167,700,12.682667,17.177,87.7,88.296667,88.65,89.65,90.953333,18.130333,18.137,18.125333,17.976333,17.778,3.5238623,189.69661,3.0957111,193.39448,2.7583733,196.30365,2.5575823,193.64343,2.0782534,192.73015
2025,261.3125,730,12.777667,17.319333,86.513333,87.176667,87.51,88.29,89.626667,18.275,18.266333,18.278333,18.148333,17.987667,4.1325512,194.81438,3.6610623,198.92215,3.2618757,203.81107,3.0336445,200.94423,2.5284,200.43135
2025,261.33333,800,13.034667,17.612667,85.583333,86.17,86.513333,87.186667,88.286667,18.377,18.381333,18.382,18.285,18.165333,3.6140223,191.23611,3.199809,195.46131,2.8480978,200.76605,2.6266178,199.57514,2.1681956,198.68858
2025,261.35417,830,13.049667,17.843333,87.62,88.233333,88.513333,89.066667,90.033333,18.178,18.169333,18.196,18.108667,17.979667,3.9794534,192.76061,3.5118845,197.08485,3.1338221,202.526,2.92824,200.29849,2.4613246,199.48141
2025,261.375,900,13.128333,17.810333,89.666667,90.253333,90.683333,91.336667,92.323333,17.970667,17.988333,18.004667,17.908667,17.777333,4.077889,185.02415,3.6643288,188.92432,3.24576,193.96224,2.9972756,190.72665,2.4613245,191.32456
2025,261.39583,930,13.138333,17.795,92.486667,92.956667,93.17,93.606667,94.323333,17.762,17.782667,17.826667,17.769,17.678,3.2562133,184.92135,2.9602534,190.50179,2.6908623,195.30209,2.4920311,193.28742,2.0290356,191.5898
2025,261.41667,1000,13.341667,18.050667,91.376667,91.833333,92.066667,92.58,93.503333,17.963333,18.001333,18.066333,18.032333,17.969667,3.7383735,180.49821,3.3779511,185.22278,2.9992356,190.39069,2.7629467,187.37524,2.22656,188.85855
2025,261.4375,1030,13.378333,18.442667,89.31,89.786667,89.96,90.526667,91.363333,18.262333,18.302333,18.383333,18.324333,18.293333,4.2294624,174.84532,3.8196044,177.88175,3.3818712,182.09642,3.1087778,178.42525,2.5575823,178.45492
2025,261.45833,1100,13.438333,18.889667,88.503333,89.006667,89.24,89.7,90.62,18.529667,18.562667,18.615333,18.559333,18.516333,3.9071511,184.72673,3.5558756,191.68422,3.1599556,195.92863,2.9336844,193.3963,2.4402,192.82703
2025,261.47917,1130,13.858333,19.144667,88.593333,89.143333,89.463333,90.01,90.976667,18.662333,18.694667,18.749667,18.695667,18.664333,4.0992312,187.92908,3.6649822,193.18665,3.2745068,199.32934,3.0258045,197.64358,2.5312312,198.1162
2025,261.5,1200,13.638,19.466,85.086667,85.59,85.93,86.373333,87.376667,19.087,19.109,19.142333,19.087667,19.034,4.2867377,196.96101,3.7804046,201.89585,3.3990757,207.43839,3.1799912,205.23905,2.6503556,205.83688
2025,261.52083,1230,14.133333,19.709333,83.553333,84.116667,84.42,84.93,86.056667,19.381333,19.392,19.439333,19.377333,19.289667,3.8189512,186.8445,3.4254268,189.4749,3.0480178,195.20111,2.8306756,192.65986,2.3687689,191.98297
2025,261.54167,1300,14.116,20.072667,82.196667,82.793333,83.22,83.796667,85.006667,19.663333,19.675333,19.713333,19.666667,19.561667,4.0249689,178.34343,3.6103201,181.42742,3.2035112,185.70413,2.970271,182.44509,2.4550089,182.51449
2025,261.5625,1330,14.112667,20.479,81.466667,82.023333,82.296667,82.756667,84.03,19.918667,19.964333,20.058333,20.065667,20.001667,4.5310845,171.42553,4.0911732,174.00661,3.62796,177.6698,3.3415823,176.26893,2.7516223,175.43286
2025,261.58333,1400,14.065333,21.396333,79.663,80.259333,80.591667,80.999,82.203333,20.317667,20.359667,20.447333,20.483333,20.396,4.9903779,172.49282,4.443538,176.03905,3.9206533,180.15658,3.5968178,177.37545,2.95568,176.25077
2025,261.60417,1430,13.725,21.541,79.19,79.874667,80.337,80.916667,82.216667,20.317333,20.316,20.314,20.269,20.135667,4.3666623,174.4165,3.9426489,178.11045,3.4443733,183.76747,3.1547289,181.67641,2.5682533,180.97097
2025,261.625,1500,13.707667,21.298,78.521667,79.162667,79.605667,80.195667,81.496667,20.325667,20.308667,20.308667,20.248,20.076667,4.3233245,179.03081,3.91412,182.16023,3.4907601,185.82006,3.2172312,182.6597,2.6453467,181.33701
2025,261.64583,1530,13.171667,21.057,77.604333,78.247667,78.672333,79.304333,80.606333,20.342,20.341667,20.315,20.239,20.070333,3.9454802,185.86747,3.5406311,191.83477,3.1510267,198.74123,2.9169156,195.50854,2.4118889,196.09882
2025,261.66667,1600,12.950333,20.840333,77.614333,78.236333,78.697333,79.297,80.641667,20.336667,20.325,20.293667,20.221667,20.038667,3.2766844,184.09892,2.9441377,187.64705,2.6355468,193.23715,2.4212534,191.31301,1.9323422,190.95393
2025,261.6875,1630,12.861667,20.691,77.450667,78.030667,78.490333,79.172333,80.512667,20.341667,20.333333,20.292333,20.209667,20.012667,3.4713778,186.23284,3.1248933,190.8433,2.7764489,196.60451,2.5591067,192.50999,2.0671467,192.64477
2025,261.70833,1700,12.770667,20.481667,77.963667,78.620333,79.051667,79.694667,81.008333,20.245667,20.204667,20.185,20.076,19.879667,3.1697557,189.88523,2.8330712,194.0333,2.5053156,199.9174,2.3073556,196.97638,1.8691867,195.69851
2025,261.72917,1730,12.717,20.23,78.802333,79.42,79.859667,80.457333,81.713333,20.142,20.104333,20.076333,19.971333,19.753667,3.1675778,188.48184,2.8088978,193.38134,2.484409,198.0116,2.3032178,195.26128,1.8613467,195.45056
2025,261.75,1800,12.667,19.955667,79.777,80.434333,80.852333,81.426667,82.686667,19.982667,19.945333,19.901333,19.786667,19.571,2.5821912,185.72304,2.2868844,190.45993,2.0405777,196.10562,1.8905289,194.85106,1.4538844,193.80699
2025,261.77083,1830,12.627,19.693,81.036667,81.576667,81.96,82.573333,83.76,19.786333,19.764333,19.724333,19.604333,19.394,3.0177467,187.6675,2.7228756,193.17214,2.4116711,196.95054,2.2211156,194.50024,1.7751067,194.1077
2025,261.79167,1900,12.593,19.487333,80.365667,80.88,81.2,81.733333,82.783333,19.560667,19.545667,19.532,19.407667,19.221333,4.5336978,194.01591,4.0404311,197.56834,3.5722089,203.11186,3.3119644,200.42125,2.7494445,199.70594
2025,261.8125,1930,12.566,19.260667,79.675667,80.245667,80.59,81.166667,82.24,19.282,19.253,19.23,19.111,18.923333,3.8681689,195.96136,3.472249,201.3348,3.0748045,206.01478,2.835249,203.60972,2.3596222,201.79525
2025,261.83333,2000,12.547333,19.036,79.937,80.546,80.86,81.406667,82.546667,19.077667,19.043667,19.042333,18.904667,18.725,3.1836933,194.71793,2.8287155,198.50402,2.5179467,203.22139,2.3286979,200.38948,1.8839956,199.80275
2025,261.85417,2030,12.535333,18.852333,79.723667,80.277333,80.623333,81.226667,82.42,19.032667,19.003333,18.978667,18.839333,18.641667,3.1277245,190.31028,2.7755778,194.47611,2.4994355,199.27777,2.3195511,197.64661,1.8685333,197.32502
2025,261.875,2100,12.526333,18.714667,79.547,80.127333,80.554333,81.163333,82.36,19.001667,18.972333,18.938,18.801333,18.606667,2.8319822,191.91406,2.5120667,195.45996,2.2065244,200.06091,2.0188001,197.90394,1.5708312,197.8007
2025,261.89583,2130,12.516667,18.587667,80.906667,81.49,81.87,82.473333,83.623333,18.865,18.827333,18.809667,18.669667,18.487667,2.5405955,186.44806,2.2672844,191.06733,1.9898356,196.09068,1.8158312,193.5278,1.3443422,192.32642
2025,261.91667,2200,12.507,18.328333,83.09,83.79,84.353333,85.11,86.436667,18.610333,18.550667,18.488667,18.31,18.072,2.0318666,184.67057,1.7838178,189.12855,1.5427378,193.43213,1.39552,191.96565,0.7938,190.30583
2025,261.9375,2230,12.496,18.169667,84,84.623333,84.996667,85.593333,86.653333,18.607,18.566,18.547,18.409667,18.238667,2.6542756,172.92049,2.3241245,176.50532,2.0405778,180.15169,1.87376,177.60062,1.3578445,176.68904
2025,261.95833,2300,12.486333,18.159,81.493333,82.05,82.503333,83.15,84.286667,18.694,18.66,18.614,18.482,18.291667,3.1627867,176.52993,2.8687867,180.63669,2.5140268,185.40639,2.3014756,182.86085,1.7957956,182.68295
2025,261.97917,2330,12.477667,18.124333,81.016667,81.65,82.106667,82.756667,83.993333,18.526,18.490333,18.454333,18.307333,18.104667,2.7653423,181.93351,2.47548,186.41506,2.1734223,192.00884,1.9833021,188.92476,1.4702178,187.20473
2025,262,0,12.467333,17.759333,82.616667,83.523333,84.256667,85.183333,86.72,18.056667,17.946,17.802667,17.589,17.233333,2.4595822,178.79426,2.1418445,182.4881,1.8493689,187.08808,1.6725334,185.62004,1.0766933,184.75939
2025,262.02083,30,12.457,16.747333,84.83,85.94,87.073333,88.236667,89.783333,17.382333,17.206333,16.943667,16.635,16.215,1.7820755,170.61109,1.4967867,174.8088,1.2199911,178.88853,1.0825734,176.39757,0.41726223,174.16901
2025,262.04167,100,12.447,15.702,85.843333,87.006667,88.3,89.693333,91.32,16.921333,16.740333,16.443667,16.064,15.615,1.9399645,169.03348,1.6041511,171.23548,1.3134178,175.16661,1.14464,174.57879,0.51635109,171.51751
2025,262.0625,130,12.437667,15.004333,85.64,86.69,87.836667,89.16,90.756667,16.728,16.567,16.297667,15.958667,15.543333,1.79928,166.97359,1.5383823,171.81309,1.3064489,176.03454,1.1370178,175.96759,0.48891111,174.61272
2025,262.08333,200,12.427,14.516333,85.6,86.74,87.87,89.08,90.82,16.459667,16.278667,16.014,15.682333,15.199,1.6479245,172.90968,1.3258311,177.04592,1.0834444,179.08763,0.93579118,178.38898,0.34539555,173.36812
2025,262.10417,230,12.418333,14.032333,85.876667,87.116667,88.34,89.616667,91.776667,16.197,15.982333,15.673333,15.318,14.731,1.4930844,176.66979,1.1731689,182.53794,0.93513781,188.79981,0.78835557,187.27209,0.22452889,188.65282
2025,262.125,300,12.408,13.645,85.95,87.1,88.27,89.526667,91.4,16.020333,15.831333,15.544,15.191,14.679667,1.4760979,169.06381,1.1635867,174.13291,0.94842227,178.14561,0.82581331,176.94194,0.24608889,175.2159
2025,262.14583,330,12.398667,13.362333,86.743333,87.78,88.74,89.923333,91.59,15.880333,15.717,15.481667,15.149,14.640333,1.2591911,165.37725,1.0200711,169.45989,0.83975116,173.61153,0.70560002,172.06672,0.20362223,169.98941
2025,262.16667,400,12.389333,13.022667,88.14,89.273333,90.32,91.493333,93.236667,15.621,15.425667,15.121667,14.732667,14.081667,0.74980889,131.40796,0.57580445,129.40632,0.42074667,126.29649,0.27766665,124.25546,0.051831112,121.48152
2025,262.1875,430,12.379333,12.531667,90.593333,92.43,93.706667,94.526667,95.683333,15.185333,14.803,14.237,13.747667,12.971333,0.78748444,95.174186,0.7119156,80.645442,0.56927111,75.792514,0.42227112,75.206086,0.097128893,64.335707
2025,262.20833,500,12.37,12.01,93.583333,94.88,96.45,97.69,98.753333,14.518,14.361333,13.925,13.412,12.458,0.94537331,89.838497,0.84933335,76.05939,0.78530666,69.414165,0.70647113,66.759963,0.18794222,59.739521
2025,262.22917,530,12.362,11.816667,94.57,95.36,95.85,96.67,98.38,14.277667,14.204,14.050667,13.778667,13.109667,0.9122711,98.549504,0.75721333,87.365914,0.65681778,80.948696,0.57667557,77.599411,0.13567556,70.90138
2025,262.25,600,12.385667,11.753333,95.426667,96.24,96.6,97.193333,98.47,14.215,14.15,13.991333,13.753333,13.146333,0.79880889,90.273094,0.66248,81.431366,0.61326223,76.424897,0.52789334,74.161141,0.12652889,67.169221
2025,262.27083,630,12.532,12.208,94.373333,94.703333,94.833333,95.49,96.793333,14.624667,14.649333,14.611333,14.455333,14.240333,0.78225779,114.95198,0.66487556,110.43669,0.57624001,106.62042,0.50110666,102.37624,0.15767111,96.330493
2025,262.29167,700,12.806667,13.752333,92.263333,92.563333,92.47,92.88,93.64,15.389667,15.448,15.526333,15.464,15.464,1.1121911,112.15389,0.98457336,111.89733,0.89571999,110.4816,0.79488884,108.86044,0.38786221,107.642
2025,262.3125,730,12.991667,15.309667,91.806667,92.146667,92.153333,92.526667,93.303333,15.82,15.880333,15.980667,15.95,15.995333,1.5048444,111.55297,1.3648133,111.43085,1.2234755,112.22703,1.1252578,109.8029,0.66030224,106.61259
2025,262.33333,800,13.177333,16.582667,89.9,90.293333,90.41,90.886667,91.756667,16.450333,16.550667,16.693667,16.689333,16.801333,1.7951422,111.09242,1.6072,112.3669,1.4588934,115.87468,1.3473912,113.37074,0.85869779,109.98156
2025,262.35417,830,13.374667,18.017667,86.63,86.993333,87.183333,87.76,88.73,17.218333,17.317667,17.480667,17.522,17.673333,2.4445556,107.68153,2.2455068,108.64388,1.9828668,109.85274,1.81888,106.76972,1.3452133,106.0909
2025,262.375,900,13.921333,19.977333,82.396667,82.635333,82.661,83.195667,83.887333,18.37,18.527667,18.758333,18.821667,19.135667,2.6963068,113.04326,2.4674223,113.72251,2.2263423,117.28069,2.0684533,113.11532,1.6257112,111.44297
2025,262.39583,930,13.923333,23.037,76.009333,76.278333,76.238333,76.731667,77.735667,19.658333,19.798667,20.044333,20.130333,20.389667,2.5878533,125.6497,2.37356,125.82432,2.1255112,130.11774,1.9750267,127.87571,1.6204844,127.39345
2025,262.41667,1000,13.915,25.676333,72.016,72.429,72.453333,73.08,74.141,20.547,20.706667,20.974,21.075333,21.345667,2.7620756,118.60187,2.5260046,119.71011,2.2555245,125.10295,2.0993778,121.32045,1.6906089,118.46485
2025,262.4375,1030,13.936333,27.586,70.253667,70.689333,70.859,71.544667,72.523667,21.053667,21.199333,21.454667,21.534333,21.865667,3.3387511,113.21594,3.0366932,115.02473,2.6952178,117.18646,2.4952978,111.61299,2.0059512,110.16554
2025,262.45833,1100,13.932333,28.171667,68.190333,68.610333,68.899,69.679,70.696,21.625667,21.754,22.023667,22.127,22.463333,3.3084801,112.23351,3.0676178,112.81423,2.744,115.01369,2.5205601,111.95251,2.0595244,110.96446
2025,262.47917,1130,13.709333,28.258,67.131667,67.562667,67.873,68.638667,69.746333,22.141,22.251667,22.503,22.595667,22.925,3.68284,100.82489,3.3757734,100.78221,3.0268933,102.38364,2.7847246,99.057585,2.2502978,97.61682
2025,262.5,1200,13.528,28.065,66.580333,67.138,67.471333,68.287,69.548667,22.535,22.651667,22.869,22.937667,23.178667,3.5330088,111.9254,3.235089,110.74706,2.8929601,114.7518,2.6747467,111.7441,2.1546933,109.1813
2025,262.52083,1230,13.512333,28.157333,65.563667,66.092667,66.548667,67.474333,68.983333,22.886,22.974333,23.15,23.202333,23.376333,3.78476,109.69819,3.4225955,109.36948,3.0730623,112.83662,2.8487512,109.25201,2.2984267,107.07594
2025,262.54167,1300,13.493,28.804667,63.529333,64.001,64.565333,65.551,67.163,23.483,23.586333,23.767333,23.830667,24.002333,3.88668,112.04047,3.5005601,111.57269,3.1253289,115.58528,2.8892578,111.6305,2.3374089,110.29669
2025,262.5625,1330,13.497667,29.844667,61.493333,61.997667,62.600667,63.544333,65.105667,23.901667,23.974333,24.145667,24.18,24.356667,3.5086179,109.38476,3.236178,108.86545,2.8735779,110.90478,2.6449112,107.54914,2.1252933,105.97258
2025,262.58333,1400,13.496667,30.6,58.453667,59.206667,60.139667,61.293,62.953667,24.482333,24.495667,24.583,24.576,24.765667,3.033209,114.56666,2.7768845,114.09687,2.4685111,116.85871,2.2801333,113.47963,1.8415289,111.58834
2025,262.60417,1430,13.499,31.016333,53.216667,53.924667,54.800667,56.087,58.185,24.911333,24.902,24.93,24.831,24.821667,2.9513243,121.29532,2.7167777,122.52937,2.4210355,125.59733,2.2537822,121.97887,1.8103868,120.5801
2025,262.625,1500,13.498,30.921,54.026,54.524667,55.439333,56.788,59.883333,24.878333,24.949,24.999667,24.893667,24.632667,2.3169377,120.60417,2.1032978,121.56287,1.8515467,124.53386,1.6886489,120.19437,1.30928,117.39671
2025,262.64583,1530,13.497,30.915333,54.307333,54.949,56.004667,57.399667,60.738333,25.100333,25.110333,25.173,25.08,24.814,2.1969422,110.76222,2.0068222,111.87885,1.79536,113.9609,1.6716622,111.05284,1.28772,109.18727
2025,262.66667,1600,13.506,30.636333,55.757333,56.754667,58.120667,59.672333,62.884667,25.107333,25.036667,25,24.847333,24.566667,1.9713244,83.838261,1.8130001,81.6387,1.6237511,83.155911,1.4896,79.830458,1.0976,78.360753
2025,262.6875,1630,13.528667,29.765667,57.394,58.821,60.387667,62.421333,66.461667,24.902667,24.756333,24.650333,24.439333,24.017333,1.35828,83.952873,1.1932044,85.781054,1.0196356,87.858695,0.90268891,83.822717,0.39221781,80.307359
2025,262.70833,1700,13.404,28.532,59.061333,61.043333,63.721333,66.666667,71.837667,24.629,24.367,24.057,23.675667,23.009,1.2395911,77.313234,1.043591,78.108683,0.87459556,80.437913,0.74697777,79.198775,0.16812445,77.987169
2025,262.72917,1730,12.968667,26.452667,62.511333,65.930333,71.384333,76.194333,81.172667,23.964333,23.424333,22.533,21.629,20.562333,0.95190662,42.082813,0.81732002,46.907548,0.73064445,56.393962,0.56861779,56.20938,0.085368895,42.683684
2025,262.75,1800,12.883667,23.564333,67.620333,77.030667,84.819333,88.886667,93.18,22.859333,21.293333,19.922667,18.894667,17.396667,1.1063111,51.945095,0.93317772,66.828442,0.84628445,83.550065,0.67881332,85.841314,0.13240889,88.374183
2025,262.77083,1830,12.838,20.374333,70.808333,80.173333,89.5,92.873333,96.04,21.880333,20.192333,18.402,17.555,16.177333,1.0777822,43.037661,0.69928444,61.105264,0.49631555,96.612968,0.29138667,110.52512,0.027875557,118.40159
2025,262.79167,1900,12.804333,17.927333,70.586,75.201333,83.539333,89.003333,95.366667,21.520667,20.655,19.1,17.76,16.053667,1.3746133,54.354715,1.1372355,56.00123,0.99437336,69.217642,0.86109337,73.368796,0.17901334,72.312625
2025,262.8125,1930,12.774,16.419,71.764,77.712333,84.876667,90.19,95.153333,20.808667,19.793333,18.636667,17.707,15.986667,0.94254223,73.382492,0.67663556,78.739729,0.50001778,101.66269,0.34931557,117.74154,0.049217781,111.66968
2025,262.83333,2000,12.747,15.305667,71.012,74.863,79.876333,83.58,90.523333,20.514,19.786667,18.832,18.053333,16.473667,1.121991,76.025134,0.90856892,78.691835,0.75568891,87.56863,0.63591112,90.592647,0.12718222,88.726796
2025,262.85417,2030,12.722,14.635667,73.479,76.912,82.067,85.983,91.003333,19.826667,19.221667,18.223333,17.355333,15.748,0.93208884,86.56093,0.71017337,79.997566,0.56774667,83.060233,0.44600889,86.405441,0.077311114,83.221573
2025,262.875,2100,12.7,13.943333,75.162667,78.032667,82.051,85.476667,92.156667,19.388333,18.825,18.028,17.284333,15.718667,0.85695559,84.794355,0.61957778,80.412324,0.51700444,80.657472,0.40593778,83.934477,0.079053336,77.572504
2025,262.89583,2130,12.676667,13.649,74.484667,76.434,79.713667,82.398333,88.096667,19.399667,19.006,18.269333,17.621333,16.110667,1.0999955,66.550387,1.0233378,61.226191,0.92163556,67.404556,0.86675556,67.372028,0.31272889,68.564271
2025,262.91667,2200,12.654333,13.575,74.944,78.291,82.190667,85.14,90.886667,19.103333,18.491333,17.723,17.12,15.608667,1.0327022,63.296822,0.86566669,62.577782,0.81405332,71.509831,0.7890089,74.749675,0.25501779,73.353895
2025,262.9375,2230,12.634,13.421667,77.777,80.822333,84,86.553333,92.026667,18.339333,17.803333,17.221333,16.727,15.513333,0.84171114,72.497332,0.74044445,74.266105,0.65790668,80.822934,0.60498667,83.301214,0.15026667,84.190091
2025,262.95833,2300,12.613,13.313,77.511667,79.252667,80.972,82.61,86.286667,18.123667,17.830333,17.480667,17.099333,16.199667,0.89942221,79.265652,0.72258666,78.36605,0.59366223,79.580214,0.49849334,80.804235,0.10017778,80.040926
2025,262.97917,2330,12.594667,13.263667,78.110333,79.296,80.773667,82.53,86.576667,17.851333,17.656333,17.337,16.894667,15.825667,1.0165867,72.921026,0.84519557,67.879424,0.74066222,65.797815,0.65812445,64.001467,0.15462223,64.309184
2025,263,0,12.574333,13.204667,77.763667,79.352667,81.29,83.116667,86.91,17.727667,17.460333,17.024667,16.554,15.556333,0.89833338,71.792875,0.75242224,68.122354,0.63700002,72.05991,0.54096001,74.403994,0.12326222,74.487157
2025,263.02083,30,12.555333,13.096,79.508667,80.87,82.123333,83.403333,86.666667,17.248667,17.058667,16.792,16.472,15.632333,0.83604888,83.62737,0.68120891,82.667266,0.59257335,84.61797,0.51940002,84.229162,0.11150221,81.87799
2025,263.04167,100,12.536333,13.177333,79.745667,80.722333,81.603333,82.82,86.226667,17.123667,17.019,16.842667,16.549,15.764667,0.72541776,84.960778,0.65115557,86.451355,0.57036002,90.024068,0.48412,90.594718,0.10540445,86.208031
2025,263.0625,130,12.519,13.271333,80.57,81.953333,82.993333,84.13,87.576667,16.950333,16.779,16.584667,16.289667,15.419667,0.83125782,92.983268,0.69754224,91.915666,0.61108446,93.323484,0.52549778,90.876491,0.13044889,85.613108
2025,263.08333,200,12.501333,13.222667,81.516667,82.916667,84.61,86.456667,90.506667,16.733667,16.530333,16.135,15.651333,14.649,0.77790225,81.31329,0.66422223,76.581572,0.56121334,75.457127,0.49958225,72.046897,0.21516444,68.699752
2025,263.10417,230,12.484,13.027333,83.25,84.853333,87.156667,89.54,93.323333,16.373,16.125333,15.638667,15.013,14.008333,0.98522667,74.429276,0.87024003,69.188612,0.78116887,71.742351,0.67532891,69.35775,0.24369334,60.824474
2025,263.125,300,12.467,13.005333,84.066667,85.326667,86.436667,87.756667,90.993333,16.221667,16.052667,15.871,15.589667,14.995333,1.0503422,100.07407,0.84127554,94.143201,0.6694489,89.981109,0.52767559,86.478442,0.13502222,74.695291
2025,263.14583,330,12.453,13.354,83.523333,84.506667,85.466667,86.773333,89.65,16.404333,16.313333,16.179333,15.939333,15.467667,1.0422844,72.19964,0.92403111,68.936179,0.80534217,68.825269,0.7060356,65.984449,0.28986223,56.4284
2025,263.16667,400,12.438333,13.789667,84.233333,85.253333,86.22,87.403333,89.9,16.436333,16.353667,16.254333,16.049333,15.718333,1.27204,101.88083,1.1126267,100.24592,0.96867554,99.414732,0.85760888,95.400157,0.42684442,91.849114
2025,263.1875,430,12.427,14.254,84.59,85.483333,86.28,87.343333,89.76,16.637,16.576333,16.479667,16.288333,15.937333,1.0080934,81.78394,0.88766225,75.601058,0.7724578,75.26558,0.6812089,73.544176,0.27418224,69.166186
2025,263.20833,500,12.415667,14.533333,83.946667,85.016667,86.18,87.476667,90.083333,16.880667,16.773333,16.605,16.357,15.904333,1.3173378,49.203379,1.2003912,43.973958,1.0442444,44.16274,0.93884001,43.63797,0.48107112,40.47713
2025,263.22917,530,12.405667,14.681667,84.25,85.166667,86.07,87.1,89.42,16.881667,16.804,16.674,16.481,16.126667,1.5891244,89.561918,1.3508756,89.366688,1.1572711,89.443519,1.0655867,87.523309,0.58778221,84.922
2025,263.25,600,12.402333,14.921667,85.15,86.013333,86.703333,87.633333,89.536667,16.806,16.755333,16.695333,16.535,16.286,1.2964312,89.610798,1.1361467,87.143591,0.99088889,88.375076,0.8841778,86.230894,0.41878667,82.884293
2025,263.27083,630,12.419333,15.243,86.083333,86.79,87.42,88.28,90.02,16.779333,16.761333,16.721,16.589333,16.388333,0.93187118,98.289447,0.86174669,93.032901,0.76548891,92.730762,0.68556444,90.399706,0.22975557,86.414028
2025,263.29167,700,12.513667,15.615333,86.296667,87.07,87.71,88.6,90.386667,17.015333,17.009333,17.003,16.897333,16.742333,1.2448178,99.569736,1.1280889,99.199131,0.99938224,97.406437,0.9096578,94.57207,0.40528443,91.260679
2025,263.3125,730,12.704,16.227333,84.986667,85.733333,86.203333,86.996667,88.64,17.589,17.585667,17.595667,17.519,17.378,1.5183466,94.551827,1.3502223,90.86052,1.225,92.95091,1.1307022,89.107232,0.64026666,86.64495
2025,263.33333,800,12.930667,17.087667,83.013333,83.663333,84.126667,84.926667,86.53,18.370667,18.385333,18.438333,18.371667,18.311667,1.4741378,108.44629,1.3282267,106.17037,1.1969066,106.91571,1.1017378,103.67425,0.59692892,100.86512
2025,263.35417,830,13.097667,18.224333,78.944,79.583333,80.011,80.82,82.519333,19.501333,19.527333,19.601667,19.552,19.519667,1.1977777,132.15555,1.0457689,132.15341,0.9201111,132.84074,0.82385335,130.95537,0.39613778,130.22916
2025,263.375,900,13.266,19.745333,75.208,75.938667,76.269667,77.11,78.820667,20.849,20.909333,21.004333,20.968333,20.966333,0.97368447,123.63863,0.85325331,121.08322,0.73935559,122.14846,0.64287998,119.62846,0.27744888,114.75309
2025,263.39583,930,13.721,22.111,70.601,71.056667,71.184333,71.954667,73.553333,22.356667,22.439,22.635333,22.658333,22.756333,1.8447956,136.16008,1.6649112,137.11231,1.4832845,136.61593,1.3515289,133.51948,0.8968089,130.33683
2025,263.41667,1000,13.791,24.866,67.795667,68.449,68.812667,69.633667,71.792,22.804,22.828667,22.978,22.984333,22.914333,2.1322622,151.16241,1.9721955,152.72866,1.7587732,155.06274,1.635729,152.29568,1.1958178,149.10482
2025,263.4375,1030,13.798667,25.927667,67.400667,68.286333,69.045333,70.000667,72.359,23.208333,23.196333,23.274333,23.262333,23.085,2.7605511,160.0605,2.486369,161.76015,2.1821334,166.97896,1.9859155,163.21073,1.5089823,163.62439
2025,263.45833,1100,13.771333,25.639667,67.548,68.604667,69.628667,70.810667,73.208,23.246333,23.155667,23.154,23.032667,22.764333,3.3450667,177.44276,2.9972757,183.48484,2.635329,187.59878,2.4253911,185.76705,1.8879156,186.35279
2025,263.47917,1130,13.263,24.625,70.401667,71.537,72.603,73.828333,76.048,22.570667,22.457333,22.366,22.191667,21.892333,5.3102934,196.83688,4.712929,201.805,4.1769778,207.33327,3.8594579,205.55981,3.2030756,204.33349
2025,263.5,1200,12.994,22.357333,84.482,85.668667,86.737333,87.763333,89.613333,20.346667,20.264333,20.168333,20.021667,19.76,2.4961689,192.21651,2.1742933,196.80106,1.9046845,200.5304,1.7385201,198.2612,1.2761778,194.93797
2025,263.52083,1230,13.107333,20.825,90.283333,91.38,91.99,92.993333,93.883333,19.628333,19.589333,19.624,19.507333,19.413667,1.52488,181.33844,1.3160311,184.2617,1.1283066,188.25403,0.99371999,186.91021,0.53007109,189.20022
2025,263.54167,1300,13.058,20.073,92.39,93.156667,93.42,94.043333,94.8,19.382,19.365667,19.416,19.322667,19.262667,1.7964489,109.41395,1.6104666,106.045,1.4399466,108.50744,1.3201689,104.36533,0.81187554,100.47187
2025,263.5625,1330,13.026,19.490333,90.443333,91.16,91.723333,92.36,93.71,18.812333,18.813,18.804667,18.713333,18.614333,1.6644757,123.09847,1.5170401,123.54996,1.3467378,126.01444,1.2293555,123.26872,0.69166223,118.81345
2025,263.58333,1400,13.443667,19.114333,93.753333,94.266667,94.563333,95.053333,95.753333,18.951667,18.972667,19.020667,18.971,18.961,1.4743556,153.86078,1.3608933,155.07726,1.2077956,155.54626,1.0975999,152.59576,0.55468,151.51439
2025,263.60417,1430,14.122667,19.335,88.936667,89.6,89.63,90.68,91.72,19.419333,19.447333,19.540333,19.440333,19.417,2.5732622,148.9974,2.3136711,150.19192,2.0719378,153.85241,1.9419246,151.10194,1.4582401,150.8471
2025,263.625,1500,14.101667,19.991,85.043333,85.55,85.52,86.926667,87.89,19.443667,19.496667,19.631667,19.496667,19.497333,2.2272134,149.43948,2.0436266,148.22744,1.8199689,149.90558,1.67776,148.96406,1.2750889,147.96995
2025,263.64583,1530,13.687333,20.436667,85.62,86.133333,86.076667,87.333333,88.296667,19.408667,19.429333,19.540667,19.401667,19.380667,2.0617023,130.3104,1.8691866,130.39074,1.6814622,132.02542,1.5588533,131.58755,1.1411556,131.20702
2025,263.66667,1600,13.683,20.715333,84.373333,84.78,84.776667,85.966667,86.953333,19.787333,19.837,19.945,19.857333,19.855,2.2324401,132.02457,2.0373111,133.12096,1.8312934,133.73315,1.7021511,130.86447,1.2914222,129.04025
2025,263.6875,1630,13.656333,21.243333,85.34,85.78,85.946667,86.776667,87.8,19.893333,19.916,19.957,19.841333,19.741333,2.1065644,119.46314,1.9682756,120.7488,1.7583379,121.55158,1.6095955,117.86814,1.1365822,116.88524
2025,263.70833,1700,13.107,20.731667,87.57,88.136667,88.52,89.216667,90.406667,19.743667,19.725,19.697667,19.574667,19.378,1.8055956,105.77472,1.6000132,103.88538,1.41708,104.41127,1.2659422,101.16839,0.75481776,99.020159
2025,263.72917,1730,12.922333,19.958667,89.49,90.09,90.49,91.156667,92.443333,19.565333,19.524667,19.463667,19.314667,19.055,1.6564179,99.0332,1.4774045,98.38424,1.2933822,99.953712,1.1594489,96.7514,0.62132,93.207879
2025,263.75,1800,12.845333,19.217,85.8,86.42,86.913333,87.683333,89.396667,19.958333,19.901667,19.835,19.668,19.34,1.7509334,126.94251,1.5394711,124.71458,1.3460844,125.96791,1.2130222,120.73089,0.73151555,119.55239
2025,263.77083,1830,12.816333,18.758333,85.113333,85.733333,86.253333,87.036667,88.636667,20.122333,20.069,19.972667,19.803667,19.475667,1.8887867,125.61985,1.6869067,122.92325,1.4784933,124.23298,1.3334533,120.30679,0.83539558,117.88306
2025,263.79167,1900,12.789667,18.477,85.356667,85.953333,86.41,87.103333,88.683333,20.115,20.054667,19.985667,19.815667,19.493333,2.0453689,119.00601,1.8689688,118.34596,1.68168,120.77683,1.5351155,117.7303,1.0218134,114.86478
2025,263.8125,1930,12.763,18.314333,83.6,84.193333,84.72,85.47,87.153333,20.480667,20.414667,20.320333,20.151,19.784667,1.8970622,136.00999,1.7184845,135.96496,1.5198711,136.55304,1.4094578,134.07144,0.97259558,133.24688
2025,263.83333,2000,12.74,18.28,82.296667,82.89,83.386667,84.153333,85.866667,20.649333,20.593667,20.486,20.316333,19.947667,2.1468534,134.48624,1.9512889,135.46417,1.7378668,136.39671,1.6126443,132.29863,1.1330978,128.65803
2025,263.85417,2030,12.718,18.239333,82.143333,82.74,83.196667,83.983333,85.543333,20.589667,20.509667,20.437,20.247,19.914333,2.2851423,148.61498,2.1059111,149.25779,1.8635244,150.72317,1.7237111,148.81062,1.274,148.41353
2025,263.875,2100,12.697,18.332667,81.766667,82.29,82.716667,83.44,84.906667,20.616,20.589667,20.510333,20.379,20.081,2.6906445,147.90973,2.3949023,149.42782,2.1603555,150.79184,2.0009421,147.23264,1.4924311,145.70251
2025,263.89583,2130,12.675667,18.574333,81.39,82.006667,82.463333,83.23,84.596667,20.646667,20.611667,20.527667,20.401667,20.130667,3.5168934,156.57691,3.1588667,159.23383,2.7888622,162.50554,2.5658578,159.25212,2.0231555,157.97807
2025,263.91667,2200,12.654667,18.801,82.173333,82.813333,83.346667,84.23,85.83,20.552333,20.513667,20.452,20.308667,20.026,3.3171911,154.21283,3.0225378,155.03788,2.6980489,157.54592,2.4920311,155.50967,1.9741555,156.01585
2025,263.9375,2230,12.636,18.786667,83.483333,84.106667,84.58,85.333333,86.9,20.330333,20.286667,20.228333,20.086333,19.808,2.6540578,151.35884,2.4003467,152.83456,2.1479422,156.18996,2.0037733,154.72164,1.5375111,153.30162
2025,263.95833,2300,12.617667,18.776,83.396667,83.976667,84.456667,85.21,86.606667,20.338667,20.301667,20.245,20.128,19.884,4.5069112,164.38138,4.0511023,165.00475,3.5992133,166.01324,3.3067379,163.93437,2.6671245,163.53759
2025,263.97917,2330,12.6,18.787,81.361333,82.146667,82.81,83.686667,85.203333,20.189333,20.127,20.060667,19.899333,19.643,5.3521068,175.99179,4.80396,181.10251,4.2235823,184.86278,3.8736133,181.92275,3.1534223,181.7227
2025,264,0,12.58,18.551,80.277333,81.022,81.7,82.65,84.313333,19.628,19.57,19.509667,19.328333,19.066333,5.1948712,181.03295,4.6349645,185.5372,4.0567646,188.74282,3.7052711,186.18491,3.0051157,185.33367
2025,264.02083,30,12.559333,18.24,78.837333,79.506,80.066667,80.933333,82.47,19.174,19.128,19.087,18.919667,18.691,4.4219779,182.73868,3.9626846,186.88619,3.5131911,190.2462,3.2287734,188.59665,2.6442579,188.34133
2025,264.04167,100,12.543333,18.010667,74.669,75.365333,75.928667,76.764667,78.359,18.908,18.86,18.811667,18.649333,18.411667,5.4128669,184.15764,4.8838845,187.55042,4.3346491,191.07515,3.9933912,188.1217,3.2701512,186.29214
2025,264.0625,130,12.524,17.69,73.716333,74.497333,75.196333,76.16,77.803667,18.305,18.256,18.164,17.981,17.692333,4.7865379,181.36183,4.2965378,186.60213,3.8067556,189.10882,3.5029556,185.69973,2.8465734,184.73049
2025,264.08333,200,12.505,17.090667,72.078,72.84,73.525,74.471,76.262333,17.555667,17.499667,17.393333,17.221333,16.905,6.35432,183.22051,5.6863956,189.25046,4.9840624,193.10638,4.5742046,189.2887,3.756449,188.8308
2025,264.10417,230,12.486333,16.230333,71.783333,72.614667,73.382,74.406,76.275667,16.579,16.499667,16.388333,16.180667,15.861667,4.924609,182.11025,4.4152268,185.7457,3.9049734,189.80807,3.5920267,186.58663,2.9349911,187.3842
2025,264.125,300,12.468667,15.384333,73.745,74.558667,75.306667,76.304667,78.017333,16.136333,16.062333,15.955667,15.761333,15.463,4.9625023,175.33731,4.4672755,179.68408,3.9369867,184.65043,3.6118445,181.03674,2.9563333,180.82886
2025,264.14583,330,12.451667,14.874333,74.22,74.973,75.691,76.661667,78.294667,15.923,15.873333,15.779333,15.581,15.325,6.0167646,173.49604,5.4413957,176.86569,4.7673733,181.92651,4.347498,179.15937,3.5347512,178.39753
2025,264.16667,400,12.435667,14.577667,74.14,74.894,75.538333,76.480667,78.127333,15.612,15.558667,15.497667,15.299,15.034333,4.8009112,179.03079,4.263,183.95847,3.7531824,187.68984,3.4631023,185.75861,2.8112933,184.66316
2025,264.1875,430,12.407,14.326333,72.48,73.239667,73.871,74.778667,76.441333,15.486667,15.434667,15.338,15.172,14.896333,5.1020979,185.40064,4.5426267,190.33764,4.0454401,193.42494,3.7433822,190.17476,3.07524,190.09088
2025,264.20833,500,12.4,14.118667,72.865,73.62,74.214667,75.105,76.799,15.289667,15.241333,15.179667,15.002,14.734,5.5356934,188.97427,4.9494355,192.03408,4.3610002,196.5473,4.0399955,194.22817,3.2988978,194.48663
2025,264.22917,530,12.386667,14.061,71.573,72.225667,72.725667,73.497333,75.011333,15.184333,15.169667,15.143,14.99,14.775333,5.4897424,196.42256,4.9339733,200.7127,4.3644845,204.45755,4.0430444,202.68036,3.3494224,200.07364
2025,264.25,600,12.382667,14.092,71.126667,71.815,72.348667,73.092333,74.579,14.733,14.733333,14.697333,14.575,14.378,5.2876445,194.39902,4.6748179,199.10205,4.1334223,203.21751,3.8302756,199.96188,3.1658356,199.68765
2025,264.27083,630,12.422333,14.063,70.788333,71.444667,71.965333,72.744,74.279333,14.58,14.585,14.552667,14.453667,14.256667,5.2547601,190.13518,4.7144534,194.51418,4.1930934,199.83549,3.8690402,195.94811,3.2113512,195.19179
2025,264.29167,700,12.638333,14.208667,72.528,73.304,73.890667,74.731667,76.339333,14.530333,14.536333,14.522,14.438333,14.283,4.6227689,191.84887,4.1612978,197.7826,3.6739112,201.1556,3.3688045,197.81489,2.7627289,199.98617
2025,264.3125,730,12.654333,14.467,74.065667,74.832333,75.355667,76.151,77.654667,14.540667,14.571,14.566,14.470667,14.353,5.204889,194.54279,4.5988134,200.93982,4.1042401,205.37655,3.8124178,202.63172,3.1464533,200.54171
2025,264.33333,800,12.664,14.222667,88.293333,89.096667,89.63,90.363333,91.756667,13.34,13.388,13.415333,13.338333,13.276667,4.4866578,201.72459,4.0060224,206.87183,3.5340978,210.17538,3.3039067,208.62389,2.7505334,207.76552
2025,264.35417,830,12.915333,14.053,86.87,87.596667,87.993333,88.736667,90.56,13.906333,13.977667,14.035333,13.999333,13.941,3.5186356,198.83965,3.1094312,204.17666,2.762729,209.36293,2.5713022,206.50504,2.1309555,205.65656
2025,264.375,900,13.192,14.626333,85.273333,86.006667,86.38,86.986667,88.496667,14.396667,14.512333,14.620333,14.625,14.677,3.3877511,222.34324,2.9336844,228.05954,2.62248,233.25874,2.4600178,229.41991,2.0368755,226.97008
2025,264.39583,930,13.400667,15.512333,81.99,82.716667,83.393333,83.996667,85.823333,14.384333,14.479,14.563333,14.579333,14.629333,3.9004001,243.80153,3.3866623,247.53208,2.9704889,248.12311,2.7540178,246.64588,2.2884088,243.38067
2025,264.41667,1000,13.509667,16.205333,78.371667,78.869333,79.291667,79.802333,81.483333,14.593667,14.703,14.792333,14.797,14.835333,3.65344,254.77763,3.2139645,259.52894,2.8463556,260.96022,2.6433867,257.38622,2.1782134,254.34658
2025,264.4375,1030,13.545667,16.795667,74.99,75.697,76.161,76.844,78.559,14.721333,14.804,14.893667,14.880667,14.914,3.9611601,256.66864,3.4696358,263.25692,3.0284178,263.60903,2.7842889,259.10719,2.2513867,255.19042
2025,264.45833,1100,13.831,16.752667,81.832,82.663333,83.58,84.11,86.17,14.035333,14.137,14.185,14.212,14.223333,3.1266356,250.51177,2.717649,252.1595,2.3670268,255.63241,2.1919334,252.7289,1.7779379,249.41854
2025,264.47917,1130,13.771333,16.64,76.168333,77.038,77.900333,78.567333,80.553,14.393333,14.486333,14.516,14.509667,14.492333,3.3716357,256.74122,2.8720534,258.95299,2.5046622,261.43379,2.3019112,256.84764,1.8822533,252.40307
2025,264.5,1200,14.128333,16.047333,73.873667,74.838667,75.692,76.539333,79.072,14.192667,14.269,14.314333,14.302,14.286333,2.77928,251.33859,2.4260445,257.60402,2.135529,259.53336,1.9802533,255.8831,1.6300666,251.52048
2025,264.52083,1230,14.175333,16.498333,67.595,68.32,68.910667,69.648667,71.110333,14.898667,15.008,15.142,15.150667,15.252667,3.1205378,280.32952,2.6331512,282.44573,2.2420223,284.75086,2.0283822,284.28058,1.6191778,281.97171
2025,264.54167,1300,14.204,16.914333,67.816667,68.522333,69.095,69.978,71.514,14.699333,14.8,14.887,14.856333,14.927,2.6538401,262.03667,2.3391511,264.59813,2.0312134,265.66885,1.8750667,262.69263,1.4913422,258.81599
2025,264.5625,1330,14.193,17.453333,67.176333,67.689667,68.111,68.820667,69.830667,15.035667,15.162333,15.320667,15.334667,15.563667,1.9194933,278.42278,1.6440044,279.63009,1.4011823,280.9458,1.2879377,279.5979,0.99241336,277.26019
2025,264.58333,1400,13.801,19.124333,62.655,63.298667,63.735667,64.552333,65.422333,15.632333,15.762,15.913667,15.937,16.274,2.5503955,272.09126,2.2056533,275.07502,1.9101289,273.82129,1.75812,271.10703,1.4109822,267.14613
2025,264.60417,1430,13.777667,20.146667,58.486333,59.111,59.635333,60.511,61.912,15.749,15.890667,16.004333,15.984333,16.163,2.6673423,282.11785,2.1675423,284.75674,1.9284222,286.22578,1.7685734,283.59757,1.4046667,279.94725
2025,264.625,1500,13.782333,21.076667,56.184,56.726667,57.139667,57.904333,59.366,15.860333,15.996333,16.122333,16.126333,16.246667,3.2344356,276.91434,2.6780133,276.7049,2.3358844,275.4356,2.1681957,273.7311,1.7461422,270.27969
2025,264.64583,1530,13.800667,20.939667,56.766333,57.405333,57.911333,58.662667,59.937,15.594,15.682,15.773333,15.731,15.788333,2.4321422,285.93189,2.0240267,286.45831,1.74636,288.6442,1.6024088,284.93421,1.2210801,282.08758
2025,264.66667,1600,13.8,20.961333,57.663667,58.339667,58.740667,59.381,60.386,15.593667,15.697,15.787,15.755667,15.836,2.8134711,287.9179,2.27948,293.06275,1.9421423,295.70093,1.7487555,295.102,1.32888,291.03945
2025,264.6875,1630,13.423333,19.507,60.980667,61.825,62.403667,63.268333,64.751667,14.962,14.963,14.955,14.851667,14.711333,2.2407155,279.79284,1.9388756,282.14351,1.700191,282.06538,1.5423023,276.65275,1.0631911,273.84213
2025,264.70833,1700,13.534333,17.823,61.632667,62.294,62.693667,63.426333,64.582333,14.985667,15.023333,15.061333,14.954,14.888667,2.2468132,282.71997,1.8724534,284.33204,1.61308,280.34639,1.4695644,273.95768,1.0257333,272.6401
2025,264.72917,1730,12.997667,16.670333,61.674667,62.558333,63.292,64.229,65.957333,14.664333,14.653667,14.589,14.426333,14.158667,2.0240266,284.98097,1.6583778,284.8224,1.412071,284.31778,1.2831467,278.93526,0.81579554,275.89981
2025,264.75,1800,12.888667,14.968667,68.773333,69.827333,70.506667,71.379333,73.131667,13.727333,13.693667,13.609333,13.427333,13.098,1.4551913,286.53993,1.1881955,287.80181,0.96366666,284.67943,0.83713774,278.04926,0.47083555,274.4888
2025,264.77083,1830,12.838,13.027333,74.085333,75.623333,76.662667,77.742,80.167,13.041,12.915667,12.766,12.521333,12.055,1.0910667,288.39248,0.83278221,285.83425,0.6387422,291.11419,0.5224489,286.08021,0.18968445,279.23984
2025,264.79167,1900,12.803667,11.572667,74.171,75.595333,76.623333,77.788667,80.333333,12.927667,12.847,12.717667,12.477,12.037333,1.4247023,278.07892,1.1605378,275.85199,0.95495557,275.04006,0.83909784,269.0774,0.38024001,263.42176
2025,264.8125,1930,12.772333,10.731333,74.349,76.002,77.207667,78.473667,81.089333,12.594,12.459,12.301333,12.044667,11.518333,0.87590219,285.61979,0.65224445,282.86417,0.51874668,280.12745,0.45450222,271.03398,0.23062667,263.91093
2025,264.83333,2000,12.74,9.6636667,78.976667,82.025,83.522667,85.15,87.68,11.789667,11.386,11.041667,10.606333,9.9006667,0.57602222,261.23905,0.27788444,250.60771,0.16812444,232.33363,0.10083112,223.80469,0.035715557,192.4173
2025,264.85417,2030,12.710333,8.4298333,80.257333,84.856667,87.64,89.52,92.403333,11.553667,10.918,10.38,9.858,8.9363333,0.76156889,264.98905,0.3332,261.49212,0.15462223,242.82117,0.086022223,216.999,0.023302224,200.58802
2025,264.875,2100,12.682333,7.3972667,81.331,84.683333,87.773333,89.996667,93.83,11.497333,10.874333,10.010333,9.4063333,8.3242667,0.36543111,240.21865,0.25218667,216.86325,0.18532888,201.65345,0.11389778,196.63186,0.027222225,152.10155
2025,264.89583,2130,12.654667,6.5343667,87.986667,93.056667,95.35,96.38,97.376667,10.495667,9.4233333,8.7593333,8.366,7.6952,0.43729778,195.25559,0.26198667,176.83548,0.12674667,162.5319,0.071648892,153.09789,0.022648892,122.23161
2025,264.91667,2200,12.628333,5.8197,90.576667,95.656667,97.463333,98.136667,99.01,10.093,9.1646667,8.584,8.2151667,7.4608,0.23302222,202.442,0.22910221,175.17993,0.14264445,172.68696,0.093862225,166.62454,0.027004445,123.39857
2025,264.9375,2230,12.603667,5.3330333,89.143333,95.123333,97.756667,98.413333,99.24,10.267333,9.3073333,8.3820333,7.9365667,7.3237333,0.46735111,224.83489,0.3332,196.01242,0.10366222,184.03606,0.034844445,234.46111,0.021995557,349.40217
2025,264.95833,2300,12.580667,5.0234333,84.776667,89.853333,94.42,96.446667,98.733333,10.772,10.018667,9.229,8.6723333,7.639,0.77441779,254.76893,0.34517777,244.17809,0.19512889,227.86219,0.16464001,203.71551,0.037675555,178.21315
2025,264.97917,2330,12.558,5.0931,82.65,85.743333,88.813333,91.3,96.466667,11.305667,10.874,10.311667,9.7246667,8.5545333,1.0266044,264.10937,0.74871999,261.73899,0.51025334,248.63181,0.41356,233.83806,0.081666669,225.97506
2025,265,0,12.536,5.3317,85.016667,87.503333,89.35,91.453333,95.143333,10.897,10.496667,9.9823333,9.3086667,7.8212333,0.45689778,252.10315,0.35432445,228.83199,0.30380001,200.93842,0.26590666,173.03988,0.071648891,138.77585
2025,265.02083,30,12.512,5.2516,86.246667,89.856667,91.73,93.383333,96.456667,10.582667,10.019333,9.5143333,8.9796667,7.8547333,0.70625332,264.61562,0.35476,246.07505,0.18794222,223.87877,0.11868889,192.05727,0.039635557,147.48518
2025,265.04167,100,12.490333,5.3417667,86.086667,88.256667,89.746667,91.073333,94.666667,10.619667,10.373667,10.097,9.751,9.0364333,1.1339689,276.34369,0.84192895,279.17876,0.60934223,274.70849,0.50437331,268.03796,0.18946668,269.61586
2025,265.0625,130,12.468667,5.8458,87.986667,89.216667,89.933333,90.77,93.056667,10.298333,10.225,10.085333,9.851,9.3983333,0.54270224,300.32946,0.37501336,317.88824,0.27614222,315.95896,0.22322222,313.00551,0.087546663,292.64021
2025,265.08333,200,12.439667,6.1471,90.036667,91.29,91.84,92.576667,94.37,9.954,9.8646667,9.7706667,9.525,9.0413333,0.73020887,277.55827,0.53486223,277.93318,0.40571998,276.11253,0.33516001,262.56274,0.18576445,261.81453
2025,265.10417,230,12.419,6.5420667,88.12,89.36,90.003333,90.62,92.976667,10.367,10.314667,10.225333,10.038333,9.6213333,0.55141336,288.21024,0.4473156,284.57554,0.35606668,285.03506,0.31185779,276.01659,0.12152,267.66625
2025,265.125,300,12.403,6.8883,89.143333,90.436667,91.11,91.903333,93.806667,10.431,10.37,10.240667,10.015333,9.59,1.4388578,283.25801,1.2178134,279.80439,0.99176003,278.3711,0.87459557,273.64804,0.4353378,266.47288
2025,265.14583,330,12.384333,7.1733,88.79,90.023333,90.713333,91.49,93.363333,10.436,10.383333,10.282667,10.084667,9.7216667,1.4338488,284.24917,1.1154578,286.59576,0.88439553,289.82997,0.75372889,286.5149,0.41312445,283.13854
2025,265.16667,400,12.367333,7.4204667,89.166667,90.393333,91.05,91.726667,93.43,10.429333,10.390333,10.288667,10.103,9.7826667,1.2001734,285.76243,0.93339557,288.06255,0.75046218,285.56704,0.63242664,281.02302,0.34931555,274.06333
2025,265.1875,430,12.353,7.6789333,87.753333,88.7,89.073333,89.666667,91.553333,10.566667,10.557,10.498,10.326,9.9456667,0.84759113,302.76704,0.68599997,312.08193,0.58320889,320.06823,0.5292,317.10214,0.26786668,314.89199
2025,265.20833,500,12.341333,7.7953667,86.103333,87.286667,87.91,88.666667,90.513333,10.760333,10.722,10.649,10.471667,10.125333,1.3412933,288.68668,1.0316134,290.19542,0.87067553,291.6506,0.74044446,289.77406,0.39700888,287.57241
2025,265.22917,530,12.328,7.8470333,86.803333,87.876667,88.533333,89.136667,90.933333,10.887333,10.838667,10.72,10.546,10.154,0.76853776,299.99327,0.5529378,305.40206,0.41987556,313.82018,0.36042221,312.22864,0.15462221,314.67174
2025,265.25,600,12.329,7.7978667,86.996667,88.13,88.733333,89.433333,91.23,10.902333,10.841,10.73,10.548,10.101,0.63504001,320.54702,0.43773332,320.68944,0.30467112,329.59874,0.22474667,332.39928,0.096257784,327.47544
2025,265.27083,630,12.353333,7.6419333,89.226667,90.373333,91.13,91.856667,93.456667,10.625333,10.570667,10.440333,10.229,9.8166667,0.81056893,303.58816,0.62981337,303.2166,0.46952892,302.04537,0.36673778,296.46979,0.10845334,292.66792
2025,265.29167,700,12.580667,8.0369,88.206667,88.98,89.223333,89.886667,91.016667,10.795333,10.839667,10.830333,10.698333,10.570667,0.79532443,300.73117,0.61348002,302.3984,0.49304889,306.95567,0.41181777,303.5929,0.14569333,301.09381
2025,265.3125,730,13.070667,9.7023333,83.68,83.913333,83.85,84.523333,84.97,11.669,11.798,11.91,11.842,12.003333,0.82668446,307.4719,0.6988489,314.06413,0.55315557,322.52724,0.46909332,316.74862,0.19578223,310.64941
2025,265.33333,800,13.410667,12.247333,76.346,76.588667,76.591,77.247667,77.945667,12.843333,12.961,13.117333,13.084333,13.356667,1.2918579,323.52238,1.11132,326.20618,0.97738663,328.2835,0.89376,326.70565,0.56687552,326.58125
2025,265.35417,830,13.846,14.926667,70.554,70.814333,70.872333,71.522,72.848333,13.641333,13.766667,13.921333,13.909667,14.055333,1.9499822,329.46585,1.7034578,333.60101,1.4989644,339.34215,1.3772267,337.42957,0.96540883,335.8932
2025,265.375,900,14.159333,17.211333,65.409333,65.752,65.965667,66.660667,68.187,14.331,14.461667,14.591,14.589,14.747333,2.6409912,341.58163,2.3151956,343.99969,2.0643155,348.369,1.8861733,344.58077,1.5285822,341.06479
2025,265.39583,930,14.114667,19.124,60.551333,60.911667,61.090333,61.814,63.265,14.75,14.869,15.009,15.019333,15.179,2.8646489,333.46612,2.5018311,339.05237,2.2082667,346.69113,2.0190178,345.17927,1.6951822,343.91393
2025,265.41667,1000,14.161333,20.979,54.875333,55.276,55.466667,56.233667,57.972333,15.343333,15.461667,15.647,15.7,15.962667,2.4502177,341.86108,2.16776,342.6136,1.9192755,347.41055,1.7607332,344.04223,1.4456089,340.76408
2025,265.4375,1030,14.207,21.026667,53.477,53.962,54.293,55.033667,56.899667,14.772667,14.85,14.927667,14.871333,14.844667,2.8182623,330.55123,2.4944267,333.8631,2.2148001,337.2833,2.0623556,331.47588,1.6786311,326.44126
2025,265.45833,1100,14.209333,20.448,52.025,52.378333,52.697,53.405667,54.983333,15.241,15.345,15.491667,15.497667,15.649,2.9112534,332.29259,2.5168578,336.75268,2.2237289,337.48643,2.0560399,335.42993,1.6803733,331.5957
2025,265.47917,1130,13.920333,20.379667,52.711667,53.117333,53.462,54.231333,55.870333,15.322,15.433333,15.576,15.6,15.795333,2.7054534,335.42226,2.3848845,339.78323,2.1858356,344.14278,2.0185823,342.56405,1.7126044,338.63951
2025,265.5,1200,13.799333,20.458333,52.248667,52.798333,53.097667,53.912667,55.744,15.393,15.488,15.613333,15.612,15.755,2.0192356,330.34915,1.7905689,333.31204,1.5947866,338.43683,1.4941734,334.32864,1.2088844,329.00452
2025,265.52083,1230,13.78,21.166,50.244333,50.585333,50.854667,51.523333,52.959667,15.564667,15.708333,15.905667,15.987,16.293,3.2978088,323.51719,2.9491467,328.74294,2.6392488,328.90016,2.4166801,325.47065,2.0577822,324.5263
2025,265.54167,1300,13.778,21.974667,50.009333,50.344333,50.803333,51.586333,53.168,15.621333,15.722,15.882,15.922333,16.128,2.5811022,314.77075,2.2770844,318.12505,2.0013778,322.13181,1.8284622,318.30069,1.5094178,317.40666
2025,265.5625,1330,13.765,23.135667,47.445667,47.965667,48.479,49.291333,50.661667,15.958333,16.121667,16.324,16.409667,16.746333,2.1756,320.59878,1.945409,324.45828,1.7330756,328.18287,1.5882533,327.11056,1.3219111,321.7399
2025,265.58333,1400,13.774667,23.993,45.171667,45.718,46.171333,46.947667,48.027,15.616,15.769667,15.917,15.933667,16.280333,3.1299023,296.24442,2.6627689,297.68949,2.3922889,299.35957,2.184311,294.85095,1.7677022,292.99635
2025,265.60417,1430,13.777333,24.144,45.191,45.655667,46.211667,46.950667,48.195,15.712333,15.891667,16.019333,16.019,16.246667,2.2988623,305.45235,1.9811246,303.69871,1.7324222,304.99051,1.6117734,302.00886,1.2973022,300.46677
2025,265.625,1500,13.782667,24.14,45.289,45.582667,45.987333,46.727667,48.82,15.61,15.727333,15.863667,15.858667,15.852,2.4332312,327.21876,2.0667111,335.30306,1.8715822,339.3862,1.7006267,333.77779,1.3711289,336.42192
2025,265.64583,1530,13.805333,23.427667,48.205667,48.542667,48.829,49.517667,51.227,15.446667,15.543667,15.665667,15.650333,15.649333,2.4885466,339.15727,2.1840934,339.43473,1.9094756,345.20015,1.7539823,341.71681,1.4059732,341.13619
2025,265.66667,1600,13.827,22.187,53.609333,53.989667,54.159667,54.729667,55.974333,15.01,15.091667,15.187667,15.144667,15.125,3.389929,326.75647,2.9713601,330.76461,2.6253111,334.11442,2.3665911,328.83337,1.9221067,328.71017
2025,265.6875,1630,13.832667,20.81,54.961,55.312667,55.522667,56.065667,57.272333,14.868667,14.929667,15.001,14.949333,14.899333,2.3328356,316.786,2.0194534,323.99078,1.8171378,329.48766,1.6531511,325.56576,1.2483022,319.75524
2025,265.70833,1700,13.412,19.219333,56.779667,57.379333,57.725667,58.324,59.699,14.494,14.513333,14.521,14.425333,14.246333,1.5932622,309.79575,1.3336712,315.99218,1.1918978,321.40796,1.0692889,319.82784,0.65420445,316.28385
2025,265.72917,1730,12.992333,17.111,60.013,61.002333,61.516667,62.309667,63.975667,13.756,13.723667,13.666333,13.496,13.185333,1.28772,298.12501,0.94929334,303.67712,0.73717774,311.5622,0.62262668,304.15798,0.34082224,306.41768
2025,265.75,1800,12.913333,14.456333,66.296333,67.771,68.765,69.928333,72.370333,12.719,12.573333,12.406667,12.134,11.638,0.82581325,296.03718,0.53660443,306.99354,0.40506667,312.13242,0.30532445,302.00465,0.11346222,293.18149
2025,265.77083,1830,12.865667,12.007,69.241,70.548333,71.509667,72.691,75.244,12.08,11.982667,11.844,11.599667,11.097667,1.3887689,281.98782,1.0978177,285.7723,0.92860447,286.91924,0.83082222,281.86252,0.46865782,276.6961
2025,265.79167,1900,12.827333,10.277667,75.038667,76.288333,77.077667,77.951,80.421667,11.423667,11.344333,11.224667,11.019333,10.498333,0.80011558,307.15895,0.5803778,312.98109,0.43664446,317.08939,0.34887999,307.40362,0.10388001,314.67875
2025,265.8125,1930,12.793,8.923,77.928667,79.61,80.730667,81.814,84.593333,11.043667,10.876667,10.685,10.415,9.8023333,0.71736001,297.29074,0.50110664,297.64937,0.39875114,297.71319,0.34103999,293.36484,0.17770667,301.43827
2025,265.83333,2000,12.761,8.1537667,74.723333,75.818667,76.440667,77.278333,79.734667,11.439667,11.379667,11.289667,11.089333,10.603333,1.1056578,320.27664,0.85608449,325.64315,0.72084443,326.70656,0.63286217,319.601,0.34060446,311.14228
2025,265.85417,2030,12.732667,7.8213667,74.503333,75.497667,76.287,77.232333,79.682333,11.300333,11.266333,11.132333,10.928,10.436667,1.2232578,325.09481,0.9754267,328.64215,0.79380005,333.4449,0.71757774,325.51982,0.34299999,317.78987
2025,265.875,2100,12.704,7.5897333,78.326333,79.717667,80.757333,81.761667,83.97,10.671333,10.592333,10.439,10.208667,9.7343333,0.86152889,295.52,0.57928888,300.30311,0.42357779,302.53399,0.34779112,299.48665,0.11455112,292.73287
2025,265.89583,2130,12.678667,7.1720333,79.970667,81.553333,82.76,83.813333,86.343333,10.427333,10.313667,10.140667,9.8796667,9.3166667,0.95451999,290.40944,0.64963113,293.20583,0.46277777,292.63276,0.36064,287.98311,0.12043112,286.83801
2025,265.91667,2200,12.653333,6.7729,81.890333,83.8,85.22,86.336667,88.72,10.175333,9.9763333,9.733,9.45,8.8933333,0.63286222,281.28188,0.43577332,279.6005,0.25066222,280.98866,0.17160889,275.14714,0.054880003,275.78824
2025,265.9375,2230,12.628667,6.2614,84.703333,87.423333,89.316667,90.703333,92.643333,9.7373333,9.403,9.021,8.6071667,7.7559667,0.34670223,307.11901,0.13480445,293.77059,0.15440444,292.55057,0.15505778,40.897307,0.03549778,238.96746
2025,265.95833,2300,12.603,5.5279,86.146667,90.623333,94.716667,96.103333,97.413333,9.503,8.8273333,8.0132667,7.5112667,6.4621333,0.42836891,281.74347,0.19861334,263.48876,0.073173338,263.30709,0.040288891,90.608345,0.021560001,222.42751
2025,265.97917,2330,12.578667,4.8257,88.093333,93.4,97.4,98.85,99.373333,9.2336667,8.5086667,7.6667,7.1159333,6.2218667,0.24761333,280.90227,0.28028,242.6714,0.26852001,233.31581,0.13763556,226.7568,0.030271113,229.24914
2025,266,0,12.544,4.4271667,90.246667,93.323333,96.86,98.576667,99.74,9.2986667,8.8333333,8.2012,7.6540333,6.8184,0.65050227,268.47154,0.48586223,256.1352,0.32144,240.67132,0.18380445,233.96637,0.048346671,212.40807
2025,266.02083,30,12.526667,4.3502333,91.213333,93.39,95.503333,97.093333,98.773333,9.386,8.9893333,8.3202,7.6199,6.4352,0.28528889,267.23421,0.16877778,224.61333,0.14133779,193.42314,0.092120003,190.81006,0.037893335,172.95681
2025,266.04167,100,12.504667,4.0688667,93.376667,95.826667,97.11,98.226667,99.22,9.089,8.5365,7.8590667,7.0925667,5.8785333,0.20950223,245.19044,0.26852001,200.39242,0.31447112,188.88414,0.27178668,177.26194,0.050524443,197.67147
2025,266.0625,130,12.482333,3.8864667,93.756667,96.79,98.356667,99.186667,99.753333,9.2453333,8.8706667,8.454,8.0593,6.8172667,0.39483112,293.57514,0.15135556,288.16875,0.10867111,178.09193,0.098653334,162.02344,0.028311113,161.64749
2025,266.08333,200,12.46,3.7689667,94.873333,96.996667,98.153333,99.003333,99.846667,8.711,8.0718333,7.3754667,6.8172,5.7415333,0.10409778,202.54766,0.20906667,192.55631,0.19055556,189.8491,0.12848889,186.55951,0.024391113,206.46602
2025,266.10417,230,12.436,3.5362667,96.056667,99,99.45,99.65,99.636667,8.5806667,8.0287333,7.5441,6.9939667,5.634,0.2264889,224.9439,0.29400001,208.23886,0.21952,219.26099,0.15179112,197.96233,0.037893335,217.02435
2025,266.125,300,12.413667,3.2890667,97.956667,99.536667,99.913333,100.08333,100.15,7.9068333,7.3727,6.8444333,6.3577,5.2646333,0.23912,70.428061,0.13872445,208.074,0.21625333,74.491023,0.19186222,263.691,0.044644446,73.987794
2025,266.14583,330,12.390667,3.0101667,98.276667,99.956667,100.04,100.01667,100.03667,7.7576667,7.2705667,6.7141,6.1111667,4.6454333,0.30336444,353.43045,0.29160444,8.269192,0.29291111,65.722796,0.27483555,91.281397,0.051613335,92.191077
2025,266.16667,400,12.37,2.7763,99.083333,100.12667,100.18,100.17333,100.08,7.5031333,6.9954667,6.5532667,5.9515667,4.7234667,0.082973336,261.97932,0.02765778,50.659317,0.037893336,74.454201,0.032013336,55.067897,0.027875559,87.031983
2025,266.1875,430,12.351333,2.5790333,98.226667,100.2,100.21,100.18667,100.2,7.5518,6.9474,6.6641333,6.1929333,4.8831333,0.13807112,42.336747,0.22692445,50.662105,0.2421689,59.540123,0.23737777,62.709416,0.042684446,62.172819
2025,266.20833,500,12.336333,2.4972333,96.036667,100.12,100.2,100.18,100.19,8.4573333,7.5717333,6.8495333,6.4005,5.3532667,0.44274223,294.14542,0.16529333,302.10857,0.072955555,301.71643,0.039417783,312.49517,0.015244446,316.85902
2025,266.22917,530,12.323333,2.8228667,90.54,95.636667,98.873333,99.606667,100.01,9.6416667,8.9763333,8.2891,7.6715,6.6905667,0.69405779,332.5839,0.58408,26.270298,0.48172444,47.764333,0.38089332,46.94498,0.10671112,343.46999
2025,266.25,600,12.323333,3.2703667,95.49,98.61,99.593333,99.983333,100.19667,8.5966667,7.6559333,6.9494667,6.3915667,5.5071667,0.14504001,297.52008,0.044862226,75.84413,0.032884446,80.965618,0.023737778,57.998857,0.012848891,35.240768
2025,266.27083,630,12.406,3.5161333,91.95,98.003333,100.02,100.13333,100.2,9.4496667,8.765,7.9889,7.2937,6.3423,0.36281779,288.18581,0.079271111,284.85227,0.05052444,252.15995,0.013720002,305.44333,0.010671113,254.41682
2025,266.29167,700,12.785333,5.2918,88.83,91.64,96.066667,98.163333,100.06333,10.665,10.529333,10.224,9.9306667,9.87,0.82254668,301.35365,0.5096,298.45025,0.36434223,293.96146,0.28049778,286.55531,0.080577782,284.49708
2025,266.3125,730,13.173333,8.7685667,86.253333,87.146667,89.156667,91.913333,95.063333,11.929,11.968,11.906667,11.687333,11.713333,0.68099112,297.57641,0.55838219,296.40897,0.49587999,294.88466,0.43403112,287.17727,0.16616444,284.11587
2025,266.33333,800,13.466333,12.38,84.533333,84.79,84.913333,85.926667,87.993333,12.642,12.779667,12.932667,12.902,13.052333,1.0359689,307.97009,0.86435999,305.61718,0.76592446,304.41402,0.66988444,298.86881,0.31904446,294.80754
2025,266.35417,830,13.919,15.715667,80.659,80.898,80.891333,81.635,82.357333,13.502333,13.625667,13.819667,13.853333,14.185333,1.3622,20.587396,1.2687733,22.711022,1.1352755,25.415222,1.0283466,21.755653,0.64288002,24.989623
2025,266.375,900,13.724,17.525,79.668667,80.031667,80.163667,80.791,81.853,13.728333,13.823,13.935333,13.928333,14.061,1.5734445,8.6105712,1.4551912,11.284678,1.331929,17.645584,1.2097556,14.490083,0.80251112,14.620641
2025,266.39583,930,14.149333,18.239333,73.129667,73.391333,73.480333,74.105667,75.304333,14.888,15.011333,15.187333,15.227667,15.512,1.8343423,344.41833,1.6755823,349.79745,1.5102889,354.93081,1.3789689,353.39753,1.1102311,351.66753
2025,266.41667,1000,14.161667,20.849667,66.563,66.823667,66.738,67.167667,67.979333,15.551333,15.715,15.964667,16.064,16.427333,2.6889022,331.03668,2.2742532,331.26325,2.0314312,333.85463,1.8772444,328.98978,1.6132977,327.75257
2025,266.4375,1030,14.152667,22.985667,63.942,64.303,64.385667,64.973667,66.203667,15.945333,16.068333,16.269,16.334667,16.664333,2.3781334,359.2979,2.1392311,4.6620956,1.9038134,8.4715293,1.7520222,2.6614743,1.4911245,4.4365179
2025,266.45833,1100,14.142,23.850667,59.567333,59.87,60.056333,60.590333,61.76,16.265333,16.417667,16.619,16.683,16.999667,2.2232933,341.94185,1.9804711,345.64744,1.7587733,344.59782,1.6172178,340.49946,1.3606755,335.12269
