2025,261.45833,1100,-9999,-9999,-9999,-9999,-9999,-9999,-9999,-9999,-9999,-9999,-9999,-9999,-9999,-9999,-9999,-9999,-9999,-9999,-9999,-9999,-9999,-9999,-9999,-1977,0,0,0,-9999,-9999,-9999,0,-9999,-9999,-9999,0,-9999,-9999
2025,261.47917,1130,-9999,-9999,-9999,-9999,-9999,-9999,-9999,-9999,-9999,-9999,-9999,-9999,-9999,-9999,-9999,-9999,0.083,0.211,-9999,-9999,-9999,-9999,18.21,30.28,-9999,-9999,-9999,-9999,-9999,-9999,-9999,-9999,-9999,-9999,-9999,-9999,-9999
2025,261.5,1200,-9999,-9999,-9999,-9999,-9999,-9999,-9999,-9999,-9999,-9999,-9999,-9999,-9999,-9999,-9999,-9999,0.154,0.513,-9999,-9999,-9999,-9999,18.36,27.01,-9999,-9999,-9999,-9999,-9999,-9999,-9999,-9999,-9999,-9999,-9999,-9999,-9999
2025,261.52083,1230,-9999,-9999,-9999,-9999,-9999,-9999,-9999,-9999,-9999,-9999,-9999,-9999,-9999,-9999,-9999,-9999,0.174,0.471,-9999,-9999,-9999,-9999,18.6,29.38,-9999,-9999,-9999,-9999,-9999,-9999,-9999,-9999,-9999,-9999,-9999,-9999,-9999
2025,261.54167,1300,1.066,0.044,-0.108,0.001,-9999,-0.085,1.051,0.061,0.008,-9999,0.055,0.208,-0.003,-9999,0.032,0.068,-9999,0.2,3.15,-1.481,0.007,25.42,-9999,30.17,-9999,-9999,-9999,-9999,-9999,-9999,-9999,-9999,-9999,-9999,-9999,-9999,-9999
2025,261.5625,1330,0.796,-0.056,-0.062,-0.002,-0.006,-0.061,0.901,0.023,0.003,0.002,0.031,0.172,-0.002,0.006,0.028,0.067,0.065,0.226,3.025,-0.717,-0.021,25.71,19.27,30.23,-9999,-9999,-9999,-9999,-9999,-9999,-9999,-9999,-9999,-9999,-9999,-9999,-9999
2025,261.58333,1400,0.826,0.062,-0.062,0.005,-0.002,-0.084,0.731,0.008,0,-0.001,-0.001,0.141,-0.006,0.003,0.029,0.069,0.06,0.221,3.307,-0.122,-0.029,25.95,19.5,30.29,-9999,-9999,-9999,-9999,-9999,-9999,-9999,-9999,-9999,-9999,-9999,-9999,-9999
2025,261.60417,1430,1.055,-0.029,-0.107,-0.04,-0.045,-0.125,1.12,0,-0.001,-0.01,0.006,0.191,0.016,0.02,0.048,0.122,0.128,0.305,3.788,0.158,-0.02,26.32,19.96,30.49,-9999,-9999,-9999,-9999,-9999,-9999,-9999,-9999,-9999,-9999,-9999,-9999,-9999
2025,261.625,1500,1.435,0.029,-0.123,-0.021,-0.02,-0.174,1.215,-0.003,-0.007,-0.002,0.001,0.229,0.003,0.009,0.047,0.081,0.081,0.29,3.982,0.094,-0.001,26.59,20.18,30.47,-9999,-9999,-9999,-9999,-9999,-9999,-9999,-9999,-9999,-9999,-9999,-9999,-9999
2025,261.64583,1530,1.216,0.013,-0.1,0.025,0.024,-0.148,0.831,0.004,-0.006,-0.004,0.023,0.185,-0.011,-0.001,0.036,0.087,0.074,0.248,3.432,-0.088,0.005,26.49,20.06,30.3,-9999,-9999,-9999,-9999,-9999,-9999,-9999,-9999,-9999,-9999,-9999,-9999,-9999
2025,261.66667,1600,1.182,0.158,-0.072,0.027,0.025,-0.102,1.307,0.023,-0.008,-0.003,0.016,0.204,-0.014,-0.003,0.031,0.102,0.079,0.217,3.467,-0.215,-0.016,26.52,20.1,30.11,-9999,-9999,-9999,-9999,-9999,-9999,-9999,-9999,-9999,-9999,-9999,-9999,-9999
2025,261.6875,1630,1.013,-0.079,-0.084,0.034,0.034,-0.093,1.116,0.032,-0.016,-0.012,0.043,0.2,-0.017,-0.006,0.027,0.118,0.093,0.207,3.052,-0.942,0.009,26.5,20.06,29.86,-9999,-9999,-9999,-9999,-9999,-9999,-9999,-9999,-9999,-9999,-9999,-9999,-9999
2025,261.70833,1700,0.727,0.047,-0.046,0.022,0.021,-0.05,0.657,0.006,-0.012,-0.005,0.019,0.115,-0.012,-0.005,0.019,0.112,0.091,0.192,2.573,-0.44,-0.029,26.5,20.06,29.9,-9999,-9999,-9999,-9999,-9999,-9999,-9999,-9999,-9999,-9999,-9999,-9999,-9999
2025,261.72917,1730,0.761,0.041,-0.041,0.035,0.034,-0.068,0.656,0.03,-0.023,-0.016,0.03,0.119,-0.016,-0.008,0.02,0.128,0.107,0.184,2.755,-0.661,-0.016,26.48,20.03,29.83,-9999,-9999,-9999,-9999,-9999,-9999,-9999,-9999,-9999,-9999,-9999,-9999,-9999
2025,261.75,1800,0.656,-0.017,-0.047,0.036,0.035,-0.047,0.572,0.024,-0.01,-0.004,0.009,0.118,-0.017,-0.008,0.015,0.137,0.107,0.139,2.482,-0.802,-0.009,26.37,19.91,29.85,-9999,-9999,-9999,-9999,-9999,-9999,-9999,-9999,-9999,-9999,-9999,-9999,-9999
2025,261.77083,1830,0.626,0.02,-0.041,0.047,0.045,-0.047,0.574,0.029,-0.019,-0.015,0.014,0.096,-0.018,-0.01,0.013,0.149,0.119,0.127,2.394,-0.726,-0.034,26.28,19.8,29.93,-9999,-9999,-9999,-9999,-9999,-9999,-9999,-9999,-9999,-9999,-9999,-9999,-9999
2025,261.79167,1900,0.332,-0.067,-0.027,0.036,0.034,-0.03,0.267,0.005,-0.015,-0.014,0.012,0.069,-0.014,-0.008,0.009,0.147,0.117,0.109,2.022,-0.457,-0.024,26.09,19.59,29.99,-9999,-9999,-9999,-9999,-9999,-9999,-9999,-9999,-9999,-9999,-9999,-9999,-9999
2025,261.8125,1930,0.697,-0.005,-0.05,0.046,0.049,-0.056,0.571,0.017,-0.014,-0.016,0.013,0.108,-0.018,-0.01,0.012,0.141,0.115,0.114,2.511,-0.67,-0.016,25.94,19.45,30.03,-9999,-9999,-9999,-9999,-9999,-9999,-9999,-9999,-9999,-9999,-9999,-9999,-9999
2025,261.83333,2000,1.144,-0.118,-0.105,0.043,0.048,-0.064,1.049,0.058,-0.012,-0.017,0.032,0.219,-0.018,-0.01,0.016,0.128,0.098,0.117,3.313,-1.393,-0.033,25.65,19.19,29.55,-9999,-9999,-9999,-9999,-9999,-9999,-9999,-9999,-9999,-9999,-9999,-9999,-9999
2025,261.85417,2030,0.831,-0.014,-0.058,0.043,0.045,-0.055,0.749,0.032,-0.003,-0.011,0.012,0.144,-0.015,-0.009,0.012,0.125,0.097,0.108,2.843,-1.179,-0.008,25.35,18.92,29.11,-9999,-9999,-9999,-9999,-9999,-9999,-9999,-9999,-9999,-9999,-9999,-9999,-9999
2025,261.875,2100,0.692,-0.076,-0.065,0.04,0.04,-0.042,0.612,0.028,-0.005,-0.014,0.017,0.116,-0.014,-0.009,0.012,0.127,0.1,0.102,2.508,-0.926,-0.022,25.19,18.78,28.97,-9999,-9999,-9999,-9999,-9999,-9999,-9999,-9999,-9999,-9999,-9999,-9999,-9999
2025,261.89583,2130,0.57,-0.113,-0.052,0.035,0.034,-0.034,0.524,0.023,-0.004,-0.013,0.015,0.099,-0.013,-0.009,0.01,0.132,0.106,0.104,2.405,-0.865,-0.015,25.15,18.74,28.86,-9999,-9999,-9999,-9999,-9999,-9999,-9999,-9999,-9999,-9999,-9999,-9999,-9999
2025,261.91667,2200,0.449,-0.04,-0.041,0.037,0.034,-0.031,0.368,0.02,0,-0.004,0.006,0.087,-0.011,-0.007,0.009,0.139,0.113,0.104,2.135,-0.665,-0.006,25.08,18.66,28.81,-9999,-9999,-9999,-9999,-9999,-9999,-9999,-9999,-9999,-9999,-9999,-9999,-9999
2025,261.9375,2230,0.358,-0.016,-0.03,0.041,0.037,-0.026,0.345,0.008,-0.006,-0.01,0.009,0.061,-0.01,-0.006,0.006,0.153,0.125,0.088,1.938,-0.441,-0.02,24.93,18.5,28.99,-9999,-9999,-9999,-9999,-9999,-9999,-9999,-9999,-9999,-9999,-9999,-9999,-9999
2025,261.95833,2300,0.3,0.016,-0.022,0.031,0.024,-0.011,0.248,0.001,0,-0.005,0.004,0.051,-0.012,-0.006,0.005,0.167,0.125,0.071,1.666,-0.354,-0.017,24.69,18.25,29.2,-9999,-9999,-9999,-9999,-9999,-9999,-9999,-9999,-9999,-9999,-9999,-9999,-9999
2025,261.97917,2330,0.431,0.009,-0.041,0.04,0.034,-0.036,0.373,0.004,0.003,-0.002,0,0.071,-0.012,-0.006,0.009,0.137,0.099,0.105,2.152,0.143,-0.016,24.81,18.33,29.37,-9999,-9999,-9999,-9999,-9999,-9999,-9999,-9999,-9999,-9999,-9999,-9999,-9999
2025,262,0,0.527,-0.006,-0.032,0.037,0.033,-0.04,0.524,-0.007,0.006,0.003,0.006,0.079,-0.011,-0.006,0.008,0.134,0.103,0.111,2.504,-0.23,-0.019,24.78,18.35,28.85,-9999,-9999,-9999,-9999,-9999,-9999,-9999,-9999,-9999,-9999,-9999,-9999,-9999
2025,262.02083,30,0.447,-0.061,-0.034,0.046,0.042,-0.034,0.36,0.012,-0.011,-0.014,0.013,0.082,-0.014,-0.008,0.008,0.159,0.124,0.103,2.233,-0.343,-0.003,24.55,18.15,28.6,-9999,-9999,-9999,-9999,-9999,-9999,-9999,-9999,-9999,-9999,-9999,-9999,-9999
2025,262.04167,100,0.335,-0.035,-0.026,0.081,0.072,-0.006,0.278,0.014,-0.021,-0.02,0.003,0.064,-0.021,-0.013,0.001,0.319,0.25,0.046,1.874,-0.174,-0.013,23.81,17.41,28.31,-9999,-9999,-9999,-9999,-9999,-9999,-9999,-9999,-9999,-9999,-9999,-9999,-9999
2025,262.0625,130,0.17,0.006,-0.017,0.062,0.053,0.006,0.131,-0.003,0.012,0.012,0.003,0.037,-0.019,-0.012,-0.003,0.343,0.262,0.06,1.303,0.097,-0.005,23.07,16.69,27.96,-9999,-9999,-9999,-9999,-9999,-9999,-9999,-9999,-9999,-9999,-9999,-9999,-9999
2025,262.08333,200,0.193,0.027,-0.014,0.058,0.052,0.003,0.155,0.001,0.022,0.02,0.002,0.042,-0.02,-0.011,-0.003,0.346,0.256,0.068,1.407,0.157,-0.018,22.62,16.26,27.65,-9999,-9999,-9999,-9999,-9999,-9999,-9999,-9999,-9999,-9999,-9999,-9999,-9999
2025,262.10417,230,0.228,0.044,-0.015,0.082,0.08,0.008,0.177,0.001,0.032,0.03,0.003,0.042,-0.018,-0.011,-0.002,0.349,0.279,0.062,1.386,0.12,-0.016,22.44,16.09,27.42,-9999,-9999,-9999,-9999,-9999,-9999,-9999,-9999,-9999,-9999,-9999,-9999,-9999
2025,262.125,300,0.206,0.033,-0.014,0.065,0.064,0.008,0.115,-0.004,0.011,0.013,0.001,0.034,-0.016,-0.009,-0.003,0.34,0.269,0.072,1.119,0.02,0.002,22.12,15.77,27.1,-9999,-9999,-9999,-9999,-9999,-9999,-9999,-9999,-9999,-9999,-9999,-9999,-9999
2025,262.14583,330,0.16,0.012,-0.014,0.046,0.043,0.005,0.121,-0.004,0.003,0.005,0.001,0.035,-0.017,-0.009,-0.003,0.347,0.264,0.077,1.078,-0.116,-0.002,21.88,15.56,26.86,-9999,-9999,-9999,-9999,-9999,-9999,-9999,-9999,-9999,-9999,-9999,-9999,-9999
2025,262.16667,400,0.148,0.027,-0.01,0.039,0.037,0.006,0.145,-0.005,0.034,0.031,0.007,0.031,-0.016,-0.01,-0.003,0.344,0.276,0.079,0.981,0.06,-0.006,21.71,15.4,26.72,-9999,-9999,-9999,-9999,-9999,-9999,-9999,-9999,-9999,-9999,-9999,-9999,-9999
2025,262.1875,430,0.127,0.01,-0.011,0.031,0.031,0.006,0.126,-0.009,0.03,0.026,0.006,0.035,-0.018,-0.012,-0.003,0.341,0.274,0.083,0.912,0.107,-0.012,21.64,15.31,26.72,-9999,-9999,-9999,-9999,-9999,-9999,-9999,-9999,-9999,-9999,-9999,-9999,-9999
2025,262.20833,500,0.095,-0.009,-0.01,0.016,0.022,-0.001,0.083,-0.002,0.034,0.025,0.012,0.021,-0.01,-0.005,-0.003,0.418,0.332,0.138,0.231,0.46,0.02,21.28,14.89,26.63,-9999,-9999,-9999,-9999,-9999,-9999,-9999,-9999,-9999,-9999,-9999,-9999,-9999
2025,262.22917,530,0.047,0.014,-0.003,-0.02,-0.014,-0.011,0.072,0,0.039,0.032,0.01,0.01,-0.004,0,-0.001,0.487,0.352,0.214,-0.251,0.679,0.013,20.3,13.89,26.14,-9999,-9999,-9999,-9999,-9999,-9999,-9999,-9999,-9999,-9999,-9999,-9999,-9999
2025,262.25,600,0.088,0.025,-0.006,0.004,0.003,0.001,0.044,-0.002,0.002,0.001,-0.001,0.01,-0.004,-0.001,-0.002,0.291,0.186,0.102,-0.273,0.789,0.008,20.21,13.82,26.12,-9999,-9999,-9999,-9999,-9999,-9999,-9999,-9999,-9999,-9999,-9999,-9999,-9999
2025,262.27083,630,0.056,0.014,-0.006,0.009,0.005,0.003,0.053,-0.003,0.005,0.002,0.002,0.016,-0.005,-0.003,-0.001,0.2,0.141,0.077,-0.134,0.754,-0.009,20.17,13.75,26.03,-9999,-9999,-9999,-9999,-9999,-9999,-9999,-9999,-9999,-9999,-9999,-9999,-9999
2025,262.29167,700,0.065,0.019,-0.007,0.014,0.008,0.004,0.065,-0.005,0.006,0,0.003,0.014,-0.005,-0.002,-0.002,0.174,0.118,0.087,-0.164,0.661,0,20.13,13.83,25.89,-9999,-9999,-9999,-9999,-9999,-9999,-9999,-9999,-9999,-9999,-9999,-9999,-9999
2025,262.3125,730,0.097,-0.001,-0.005,0.008,-0.01,-0.002,0.097,-0.002,0.001,-0.009,0.002,0.022,-0.004,-0.003,-0.001,0.15,0.122,0.058,0.167,0.545,-0.014,20.62,14.68,26.79,-9999,-9999,-9999,-9999,-9999,-9999,-9999,-9999,-9999,-9999,-9999,-9999,-9999
2025,262.33333,800,0.133,-0.015,-0.007,0.004,-0.009,-0.005,0.212,-0.017,-0.004,0.001,-0.004,0.04,0.001,0.005,0.007,0.067,0.097,0.122,0.344,0.945,0,21.46,15.3,27.51,-9999,-9999,-9999,-9999,-9999,-9999,-9999,-9999,-9999,-9999,-9999,-9999,-9999
2025,262.35417,830,0.126,0.027,-0.011,-0.005,-0.017,-0.015,0.306,-0.019,-0.016,-0.025,-0.029,0.046,0.006,0.01,0.015,0.083,0.122,0.183,0.461,1.242,-0.004,22.06,15.86,27.93,-9999,-9999,-9999,-9999,-9999,-9999,-9999,-9999,-9999,-9999,-9999,-9999,-9999
2025,262.375,900,0.216,-0.059,-0.016,-0.009,-0.033,-0.029,0.332,-0.029,-0.018,-0.017,-0.029,0.052,0.013,0.017,0.025,0.153,0.194,0.29,0.578,1.477,0.002,22.78,16.64,28.37,-9999,-9999,-9999,-9999,-9999,-9999,-9999,-9999,-9999,-9999,-9999,-9999,-9999
2025,262.39583,930,0.294,0.04,-0.03,-0.031,-0.073,-0.058,0.359,-0.03,-0.034,-0.07,-0.057,0.066,0.018,0.022,0.033,0.195,0.276,0.344,0.672,2.019,0.003,23.57,17.47,28.62,-9999,-9999,-9999,-9999,-9999,-9999,-9999,-9999,-9999,-9999,-9999,-9999,-9999
2025,262.41667,1000,0.365,-0.043,-0.022,-0.034,-0.073,-0.064,0.688,-0.047,-0.093,-0.11,-0.128,0.089,0.035,0.035,0.048,0.296,0.316,0.449,0.895,2.056,-0.006,24.8,18.92,29.04,-9999,-9999,-9999,-9999,-9999,-9999,-9999,-9999,-9999,-9999,-9999,-9999,-9999
2025,262.4375,1030,0.605,-0.114,-0.046,-0.068,-0.114,-0.121,0.73,-0.05,-0.053,-0.067,-0.092,0.113,0.049,0.051,0.081,0.329,0.335,0.576,1.284,1.807,-0.003,25.92,20.02,28.92,-9999,-9999,-9999,-9999,-9999,-9999,-9999,-9999,-9999,-9999,-9999,-9999,-9999
2025,262.45833,1100,0.577,-0.131,-0.032,-0.029,-0.093,-0.068,0.914,-0.052,-0.113,-0.107,-0.167,0.12,0.053,0.05,0.091,0.369,0.361,0.663,1.145,1.897,0.007,26.78,20.89,29,-9999,-9999,-9999,-9999,-9999,-9999,-9999,-9999,-9999,-9999,-9999,-9999,-9999
2025,262.47917,1130,0.82,-0.072,-0.04,-0.039,-0.128,-0.09,1.126,-0.088,-0.161,-0.123,-0.233,0.157,0.058,0.047,0.1,0.347,0.342,0.625,1.134,2.616,-0.004,27.25,21.33,29.06,-9999,-9999,-9999,-9999,-9999,-9999,-9999,-9999,-9999,-9999,-9999,-9999,-9999
2025,262.5,1200,0.898,-0.19,-0.052,-0.012,-0.126,-0.056,0.981,-0.089,-0.132,-0.079,-0.208,0.157,0.057,0.037,0.097,0.375,0.399,0.675,0.954,2.571,0.026,27.78,22.12,29.16,-9999,-9999,-9999,-9999,-9999,-9999,-9999,-9999,-9999,-9999,-9999,-9999,-9999
2025,262.52083,1230,1.006,-0.193,-0.039,-0.018,-0.133,-0.075,0.955,-0.072,-0.122,-0.086,-0.213,0.161,0.05,0.028,0.095,0.335,0.384,0.647,0.606,2.965,0.016,28.24,22.51,29.45,-9999,-9999,-9999,-9999,-9999,-9999,-9999,-9999,-9999,-9999,-9999,-9999,-9999
2025,262.54167,1300,0.88,-0.145,-0.025,-0.03,-0.131,-0.091,1.203,-0.093,-0.148,-0.103,-0.279,0.168,0.052,0.039,0.104,0.316,0.338,0.711,1.151,2.797,0.007,28.64,22.91,29.69,-9999,-9999,-9999,-9999,-9999,-9999,-9999,-9999,-9999,-9999,-9999,-9999,-9999
2025,262.5625,1330,0.822,-0.117,-0.033,-0.043,-0.122,-0.129,0.934,-0.08,-0.076,-0.048,-0.198,0.14,0.034,0.021,0.082,0.23,0.28,0.611,0.992,2.891,-0.003,29,23.24,29.8,-9999,-9999,-9999,-9999,-9999,-9999,-9999,-9999,-9999,-9999,-9999,-9999,-9999
2025,262.58333,1400,1.168,-0.27,-0.056,-0.044,-0.169,-0.124,1.308,-0.077,-0.074,-0.063,-0.161,0.19,0.037,0.03,0.096,0.239,0.314,0.645,1.155,2.986,-0.004,29.54,23.97,29.77,-9999,-9999,-9999,-9999,-9999,-9999,-9999,-9999,-9999,-9999,-9999,-9999,-9999
2025,262.60417,1430,0.81,0.009,-0.043,-0.046,-0.186,-0.137,0.843,-0.084,-0.064,-0.073,-0.169,0.151,0.035,0.032,0.101,0.227,0.366,0.682,0.915,2.707,-0.004,29.89,24.42,29.65,-9999,-9999,-9999,-9999,-9999,-9999,-9999,-9999,-9999,-9999,-9999,-9999,-9999
2025,262.625,1500,0.74,-0.152,-0.03,-0.004,-0.121,-0.116,0.892,-0.044,-0.05,-0.024,-0.228,0.126,0.016,0.009,0.094,0.159,0.299,0.798,1.003,2.236,0.008,30.46,25.03,29.16,-9999,-9999,-9999,-9999,-9999,-9999,-9999,-9999,-9999,-9999,-9999,-9999,-9999
2025,262.64583,1530,0.827,-0.061,-0.045,0.006,-0.077,-0.18,0.748,-0.052,-0.019,-0.039,-0.127,0.139,0.001,0.003,0.084,0.11,0.225,0.674,1.228,2.066,-0.001,30.52,25.12,27.9,-9999,-9999,-9999,-9999,-9999,-9999,-9999,-9999,-9999,-9999,-9999,-9999,-9999
2025,262.66667,1600,0.376,-0.095,-0.025,0.01,-0.049,-0.051,0.475,-0.034,-0.019,-0.028,-0.117,0.077,-0.001,0.006,0.065,0.102,0.22,0.711,0.988,1.503,0,30.61,25.24,28.23,-9999,-9999,-9999,-9999,-9999,-9999,-9999,-9999,-9999,-9999,-9999,-9999,-9999
2025,262.6875,1630,0.359,-0.026,-0.019,0.013,-0.081,-0.097,0.316,-0.023,0,-0.012,-0.083,0.066,-0.006,-0.007,0.059,0.091,0.347,0.697,0.62,1.714,-0.002,30.75,25.54,28.6,-9999,-9999,-9999,-9999,-9999,-9999,-9999,-9999,-9999,-9999,-9999,-9999,-9999
2025,262.70833,1700,0.17,-0.018,-0.009,-0.005,0.038,0.018,0.22,-0.017,0.025,0.05,-0.114,0.04,-0.011,-0.047,0.039,0.151,0.594,0.628,-0.34,1.756,0.021,30.63,25.79,29.09,-9999,-9999,-9999,-9999,-9999,-9999,-9999,-9999,-9999,-9999,-9999,-9999,-9999
2025,262.72917,1730,0.092,0.005,0,-0.006,-0.013,0.009,0.142,-0.007,0.027,0.026,-0.07,0.021,-0.007,-0.021,0.02,0.213,0.494,0.543,-0.106,1.124,0,30.43,25.43,29.48,-9999,-9999,-9999,-9999,-9999,-9999,-9999,-9999,-9999,-9999,-9999,-9999,-9999
2025,262.75,1800,0.045,0.005,0,-0.026,-0.022,0.042,0.046,-0.002,0.028,0.031,-0.042,0.009,-0.006,-0.01,0.005,0.387,0.526,0.535,-0.281,0.941,0.014,29.91,24.36,29.87,-9999,-9999,-9999,-9999,-9999,-9999,-9999,-9999,-9999,-9999,-9999,-9999,-9999
2025,262.77083,1830,0.034,-0.002,0.001,-0.082,-0.075,0.036,0.041,0,-0.005,-0.011,0.02,0.005,-0.002,0,0.002,0.702,0.664,0.392,-0.455,0.641,0.019,28.5,22.33,30.48,-9999,-9999,-9999,-9999,-9999,-9999,-9999,-9999,-9999,-9999,-9999,-9999,-9999
2025,262.79167,1900,0.041,0.007,0,-0.102,-0.087,0.01,0.035,0.001,-0.014,-0.012,0.012,0.004,-0.001,0.006,0,0.702,0.593,0.224,-0.266,0.979,0.028,26.49,19.86,30.89,-9999,-9999,-9999,-9999,-9999,-9999,-9999,-9999,-9999,-9999,-9999,-9999,-9999
2025,262.8125,1930,0.051,-0.001,-0.001,-0.106,-0.081,0.02,0.033,0.001,0.042,0.037,0.024,0.002,0.004,0.007,0.001,0.716,0.589,0.302,-0.057,0.679,0.018,25.11,18.46,30.35,-9999,-9999,-9999,-9999,-9999,-9999,-9999,-9999,-9999,-9999,-9999,-9999,-9999
2025,262.83333,2000,0.059,-0.002,0,-0.14,-0.123,0.019,0.042,0,0.013,0.011,0.007,0.008,-0.003,0.006,0,0.838,0.722,0.216,-0.546,0.983,0.036,26.1,19.53,29.57,-9999,-9999,-9999,-9999,-9999,-9999,-9999,-9999,-9999,-9999,-9999,-9999,-9999
2025,262.85417,2030,0.042,-0.004,-0.001,-0.074,-0.057,0.038,0.029,-0.001,0.016,0.007,-0.017,0.005,0.001,0.007,-0.001,0.623,0.514,0.297,0.009,0.665,0.002,25.42,18.77,29.28,-9999,-9999,-9999,-9999,-9999,-9999,-9999,-9999,-9999,-9999,-9999,-9999,-9999
2025,262.875,2100,0.043,-0.006,-0.002,-0.045,-0.039,0.017,0.049,-0.001,0.039,0.033,-0.009,0.009,-0.007,0.003,0,0.666,0.539,0.229,-0.117,0.933,0.002,25.34,18.65,28.52,-9999,-9999,-9999,-9999,-9999,-9999,-9999,-9999,-9999,-9999,-9999,-9999,-9999
2025,262.89583,2130,0.042,0.001,-0.001,-0.069,-0.062,-0.004,0.029,0,0.035,0.028,0.003,0.007,-0.003,0.006,0,0.825,0.717,0.169,-0.146,0.685,0.005,24.64,17.99,28.35,-9999,-9999,-9999,-9999,-9999,-9999,-9999,-9999,-9999,-9999,-9999,-9999,-9999
2025,262.91667,2200,0.053,0.008,0,-0.037,-0.028,0.001,0.047,-0.001,0.008,0.002,-0.001,0.014,-0.015,-0.001,-0.001,0.69,0.547,0.102,-0.156,0.686,0.003,24.78,18.19,28.16,-9999,-9999,-9999,-9999,-9999,-9999,-9999,-9999,-9999,-9999,-9999,-9999,-9999
2025,262.9375,2230,0.073,0.009,-0.001,-0.09,-0.089,-0.009,0.058,-0.002,0.007,-0.001,-0.003,0.014,-0.012,-0.002,-0.001,0.752,0.646,0.088,-0.523,0.939,0.01,24.67,18.18,27.93,-9999,-9999,-9999,-9999,-9999,-9999,-9999,-9999,-9999,-9999,-9999,-9999,-9999
2025,262.95833,2300,0.046,0.01,0.001,-0.076,-0.069,0.005,0.035,0,-0.021,-0.02,-0.001,0.008,-0.007,0.001,0,0.653,0.544,0.098,-0.324,0.831,0.004,23.92,17.38,27.87,-9999,-9999,-9999,-9999,-9999,-9999,-9999,-9999,-9999,-9999,-9999,-9999,-9999
2025,262.97917,2330,0.035,0.001,-0.001,-0.022,-0.029,0.008,0.027,-0.001,-0.009,-0.007,0.001,0.007,-0.003,0.002,0,0.377,0.301,0.082,-0.19,0.761,-0.012,23.72,17.09,27.66,-9999,-9999,-9999,-9999,-9999,-9999,-9999,-9999,-9999,-9999,-9999,-9999,-9999
2025,263,0,0.04,0.011,-0.003,-0.014,-0.015,0.002,0.034,-0.004,0.002,-0.004,0.001,0.01,-0.005,0.001,-0.001,0.332,0.295,0.061,-0.17,0.718,-0.009,23.72,17.19,27.35,-9999,-9999,-9999,-9999,-9999,-9999,-9999,-9999,-9999,-9999,-9999,-9999,-9999
2025,263.02083,30,0.051,0.005,-0.004,-0.009,-0.017,-0.001,0.063,0.001,0.009,0.003,-0.001,0.014,-0.008,-0.001,-0.001,0.334,0.272,0.05,-0.4,0.81,0.001,23.59,17.14,27.17,-9999,-9999,-9999,-9999,-9999,-9999,-9999,-9999,-9999,-9999,-9999,-9999,-9999
2025,263.04167,100,0.051,0.001,0,-0.024,-0.029,-0.003,0.04,0,0.01,0.006,-0.003,0.009,-0.004,0,0,0.37,0.321,0.056,-0.279,0.712,0.003,23.22,16.75,26.96,-9999,-9999,-9999,-9999,-9999,-9999,-9999,-9999,-9999,-9999,-9999,-9999,-9999
2025,263.0625,130,0.061,0.007,-0.004,-0.017,-0.016,0.001,0.039,-0.003,-0.006,-0.004,-0.001,0.011,-0.007,-0.002,0,0.293,0.242,0.046,-0.11,0.719,-0.016,22.97,16.51,26.89,-9999,-9999,-9999,-9999,-9999,-9999,-9999,-9999,-9999,-9999,-9999,-9999,-9999
2025,263.08333,200,0.043,0.013,-0.001,-0.006,0.001,0.001,0.048,-0.001,0.002,0.002,-0.001,0.011,-0.003,0,0,0.222,0.198,0.042,-0.039,0.721,-0.011,22.96,16.54,26.86,-9999,-9999,-9999,-9999,-9999,-9999,-9999,-9999,-9999,-9999,-9999,-9999,-9999
2025,263.10417,230,0.047,-0.01,-0.002,-0.003,0.004,0.001,0.055,-0.003,0.003,-0.002,0,0.009,-0.003,-0.001,0,0.228,0.194,0.037,-0.008,0.739,0,22.68,16.25,26.85,-9999,-9999,-9999,-9999,-9999,-9999,-9999,-9999,-9999,-9999,-9999,-9999,-9999
2025,263.125,300,0.248,-0.234,-0.011,-0.001,-0.009,-0.005,0.325,0.01,-0.007,-0.001,0.004,0.011,-0.003,0.002,0,0.48,0.392,0.089,-0.163,0.509,0.016,22.2,15.85,26.76,-9999,-9999,-9999,-9999,-9999,-9999,-9999,-9999,-9999,-9999,-9999,-9999,-9999
2025,263.14583,330,0.143,-0.078,-0.003,-0.016,-0.021,-0.005,0.107,-0.001,0.024,0.022,0.002,0.011,-0.009,-0.005,-0.001,0.388,0.318,0.063,-0.25,0.749,0.002,21.99,15.63,26.75,-9999,-9999,-9999,-9999,-9999,-9999,-9999,-9999,-9999,-9999,-9999,-9999,-9999
2025,263.16667,400,0.061,-0.014,-0.005,0.005,0.001,-0.001,0.084,-0.003,0.009,0.007,-0.001,0.014,-0.006,-0.003,0.001,0.224,0.182,0.042,-0.034,0.786,-0.003,22.04,15.7,26.83,-9999,-9999,-9999,-9999,-9999,-9999,-9999,-9999,-9999,-9999,-9999,-9999,-9999
2025,263.1875,430,0.098,-0.018,0.002,-0.014,-0.017,0.003,0.101,-0.005,0.026,0.022,-0.008,0.013,-0.006,-0.002,0.001,0.228,0.18,0.066,-0.272,0.821,0.007,22.29,15.96,26.97,-9999,-9999,-9999,-9999,-9999,-9999,-9999,-9999,-9999,-9999,-9999,-9999,-9999
2025,263.20833,500,0.134,0.029,-0.007,0.008,0.008,-0.007,0.145,-0.009,0.013,0.008,-0.01,0.025,-0.006,-0.002,0.003,0.183,0.129,0.085,0.034,1.03,0.004,22.4,16.08,27.19,-9999,-9999,-9999,-9999,-9999,-9999,-9999,-9999,-9999,-9999,-9999,-9999,-9999
2025,263.22917,530,0.097,0.003,-0.001,-0.007,-0.006,0,0.127,-0.004,-0.005,-0.009,0,0.018,-0.005,-0.002,0.002,0.204,0.157,0.074,-0.367,0.827,0,22.61,16.25,27.45,-9999,-9999,-9999,-9999,-9999,-9999,-9999,-9999,-9999,-9999,-9999,-9999,-9999
2025,263.25,600,0.082,-0.024,-0.001,-0.032,-0.027,0.005,0.122,-0.004,0.03,0.026,-0.005,0.017,-0.006,-0.002,0.001,0.308,0.248,0.063,-0.763,0.814,0.029,22.78,16.4,27.54,-9999,-9999,-9999,-9999,-9999,-9999,-9999,-9999,-9999,-9999,-9999,-9999,-9999
2025,263.27083,630,0.183,-0.028,-0.009,0.008,0.01,-0.003,0.249,-0.005,0.005,0.001,-0.003,0.051,-0.012,-0.005,0.004,0.206,0.153,0.073,-0.015,1.214,0.006,22.8,16.43,27.59,-9999,-9999,-9999,-9999,-9999,-9999,-9999,-9999,-9999,-9999,-9999,-9999,-9999
2025,263.29167,700,0.138,0.016,-0.003,0.001,0,-0.002,0.191,-0.009,0.006,0.003,-0.005,0.033,-0.008,-0.003,0.005,0.168,0.125,0.101,0.003,0.812,-0.006,22.8,16.45,27.73,-9999,-9999,-9999,-9999,-9999,-9999,-9999,-9999,-9999,-9999,-9999,-9999,-9999
2025,263.3125,730,0.137,0.051,-0.003,-0.005,-0.001,0.001,0.159,-0.003,0.004,0.001,-0.006,0.022,-0.006,-0.003,0.005,0.134,0.096,0.105,-0.027,0.699,0.016,22.85,16.52,27.92,-9999,-9999,-9999,-9999,-9999,-9999,-9999,-9999,-9999,-9999,-9999,-9999,-9999
2025,263.33333,800,0.094,0.013,-0.008,0.005,-0.003,-0.009,0.147,-0.014,0.01,0.006,-0.018,0.029,-0.005,-0.001,0.009,0.098,0.087,0.158,0.111,1.111,-0.011,23.17,16.89,28.29,-9999,-9999,-9999,-9999,-9999,-9999,-9999,-9999,-9999,-9999,-9999,-9999,-9999
2025,263.35417,830,0.124,0.012,-0.007,0.002,-0.009,0,0.207,-0.007,0.005,0.003,-0.014,0.035,-0.005,-0.001,0.011,0.105,0.097,0.189,0.03,1.383,-0.007,23.82,17.57,28.64,-9999,-9999,-9999,-9999,-9999,-9999,-9999,-9999,-9999,-9999,-9999,-9999,-9999
2025,263.375,900,0.167,0.045,-0.015,0.005,-0.022,-0.03,0.205,-0.012,0.006,-0.008,-0.043,0.037,-0.002,0.002,0.018,0.085,0.133,0.292,0.297,1.239,-0.001,24.68,18.41,29.18,-9999,-9999,-9999,-9999,-9999,-9999,-9999,-9999,-9999,-9999,-9999,-9999,-9999
2025,263.39583,930,0.21,0.025,-0.002,0.001,-0.024,-0.023,0.178,-0.011,-0.012,-0.024,-0.03,0.044,0.001,0.006,0.031,0.118,0.166,0.398,0.626,0.569,-0.013,25.87,19.66,29.49,-9999,-9999,-9999,-9999,-9999,-9999,-9999,-9999,-9999,-9999,-9999,-9999,-9999
2025,263.41667,1000,0.129,-0.029,-0.009,-0.002,-0.029,-0.031,0.166,-0.011,-0.01,-0.008,-0.06,0.031,0.008,0.006,0.033,0.136,0.228,0.514,0.36,0.634,0,27.2,21.09,30.32,-9999,-9999,-9999,-9999,-9999,-9999,-9999,-9999,-9999,-9999,-9999,-9999,-9999
2025,263.4375,1030,0.441,-0.059,-0.024,-0.022,-0.077,-0.067,0.519,-0.026,-0.025,-0.045,-0.07,0.109,0.024,0.029,0.087,0.225,0.289,0.68,1.112,1.1,-0.002,28.62,22.56,30.61,-9999,-9999,-9999,-9999,-9999,-9999,-9999,-9999,-9999,-9999,-9999,-9999,-9999
2025,263.45833,1100,0.49,-0.016,-0.052,-0.011,-0.026,-0.102,0.54,-0.018,-0.005,-0.013,-0.102,0.097,0.007,0.01,0.061,0.101,0.118,0.596,1.654,0.752,-0.02,28.93,22.72,30.32,-9999,-9999,-9999,-9999,-9999,-9999,-9999,-9999,-9999,-9999,-9999,-9999,-9999
2025,263.47917,1130,0.625,-0.062,-0.027,0.01,0,-0.139,0.521,-0.016,0.001,0,-0.044,0.095,-0.006,-0.004,0.055,0.101,0.113,0.572,2.102,0.575,-0.011,29.34,23,30.7,-9999,-9999,-9999,-9999,-9999,-9999,-9999,-9999,-9999,-9999,-9999,-9999,-9999
2025,263.5,1200,0.925,0.039,-0.076,0.043,0.045,-0.193,0.629,0.01,-0.002,0.004,-0.013,0.131,-0.017,-0.013,0.053,0.143,0.147,0.462,2.811,-0.428,-0.006,29.29,22.92,30.71,-9999,-9999,-9999,-9999,-9999,-9999,-9999,-9999,-9999,-9999,-9999,-9999,-9999
2025,263.52083,1230,1.536,-0.146,-0.133,0.081,0.113,-0.621,1.535,0.07,-0.079,-0.069,0.108,0.271,-0.039,-0.029,0.043,0.267,0.363,2.38,3.828,-1.927,-0.032,28.42,21.78,27.85,-9999,-9999,-9999,-9999,-9999,-9999,-9999,-9999,-9999,-9999,-9999,-9999,-9999
2025,263.54167,1300,0.35,0.033,-0.03,0.041,0.031,-0.377,0.408,0.014,-0.006,0.006,-0.553,0.067,-0.02,-0.004,-0.048,0.272,0.208,5.39,1.431,-0.447,-0.047,27.06,19.86,27.63,-9999,-9999,-9999,-9999,-9999,-9999,-9999,-9999,-9999,-9999,-9999,-9999,-9999
2025,263.5625,1330,0.132,-0.032,-0.018,0.011,0.003,-0.023,0.148,0.005,-0.009,-0.006,0.064,0.034,-0.003,0.002,0.015,0.089,0.081,1.699,1.319,-0.077,-0.044,26.84,19.46,19.56,-9999,-9999,-9999,-9999,-9999,-9999,-9999,-9999,-9999,-9999,-9999,-9999,0.061
2025,263.58333,1400,0.408,-0.05,-0.024,0.054,0.035,0.342,0.243,-0.009,0.007,-0.019,-0.616,0.042,-0.005,0.001,-0.011,0.228,0.157,3.28,0.175,1.341,-0.008,26.18,18.98,21.64,-9999,-9999,-9999,-9999,-9999,-9999,-9999,-9999,-9999,-9999,-9999,-9999,0.06
2025,263.60417,1430,0.229,-0.046,-0.004,0.019,0.007,-0.053,0.275,-0.024,0.013,0.002,0.035,0.052,-0.009,0.001,0.032,0.225,0.143,2.313,0.875,1.085,-0.042,26.03,18.55,21.33,-9999,-9999,-9999,-9999,-9999,-9999,-9999,-9999,-9999,-9999,-9999,-9999,0.059
2025,263.625,1500,0.235,-0.023,-0.015,0.008,-0.013,0.05,0.222,-0.017,0.006,-0.003,0,0.054,0.003,0.009,0.033,0.204,0.108,0.864,1.261,0.455,0.002,26.69,19.03,32.02,-9999,-9999,-9999,-9999,-9999,-9999,-9999,-9999,-9999,-9999,-9999,-9999,0.062
2025,263.64583,1530,0.745,-0.015,-0.036,0.016,-0.021,-0.049,0.681,-0.028,0.025,0.005,-0.02,0.133,0.011,0.014,0.023,0.161,0.164,0.42,1.931,0.979,-0.036,26.52,19.44,31,-9999,-9999,-9999,-9999,-9999,-9999,-9999,-9999,-9999,-9999,-9999,-9999,0.065
2025,263.66667,1600,0.401,-0.005,-0.019,-0.01,-0.021,-0.035,0.491,-0.019,-0.01,-0.014,0.031,0.088,0.009,0.011,0.02,0.1,0.117,0.359,1.428,0.937,-0.018,25.74,19.37,29.83,-9999,-9999,-9999,-9999,-9999,-9999,-9999,-9999,-9999,-9999,-9999,-9999,0.065
2025,263.6875,1630,0.457,0.024,-0.035,-0.002,-0.013,-0.052,0.476,-0.028,-0.007,-0.01,-0.03,0.1,0.003,0.008,0.024,0.071,0.08,0.229,1.198,1.276,-0.013,25.75,19.37,30.81,-9999,-9999,-9999,-9999,-9999,-9999,-9999,-9999,-9999,-9999,-9999,-9999,0.065
2025,263.70833,1700,0.432,-0.037,-0.041,-0.008,-0.031,-0.048,0.444,-0.042,-0.006,-0.012,-0.019,0.099,0.009,0.014,0.025,0.105,0.13,0.247,1.239,1.342,-0.006,26.11,19.93,31.12,-9999,-9999,-9999,-9999,-9999,-9999,-9999,-9999,-9999,-9999,-9999,-9999,0.065
2025,263.72917,1730,0.313,-0.017,-0.013,0.007,0.001,-0.017,0.34,-0.02,0.008,0.007,-0.021,0.076,-0.005,-0.002,0.012,0.091,0.072,0.147,0.835,1.584,-0.012,26.13,19.67,31.38,-9999,-9999,-9999,-9999,-9999,-9999,-9999,-9999,-9999,-9999,-9999,-9999,0.065
2025,263.75,1800,0.22,-0.055,-0.02,0.005,0,-0.004,0.378,-0.018,0.021,0.016,-0.016,0.053,-0.008,-0.003,0.006,0.135,0.086,0.087,0.295,1.476,0.018,26.01,19.45,31.68,-9999,-9999,-9999,-9999,-9999,-9999,-9999,-9999,-9999,-9999,-9999,-9999,0.064
2025,263.77083,1830,0.197,0.017,-0.007,0.018,0.017,-0.006,0.246,-0.021,0.025,0.018,-0.006,0.04,-0.01,-0.005,0.001,0.186,0.124,0.053,0.2,1.326,0.009,25.91,19.23,31.79,-9999,-9999,-9999,-9999,-9999,-9999,-9999,-9999,-9999,-9999,-9999,-9999,0.063
2025,263.79167,1900,0.418,0.102,-0.032,0.037,0.043,-0.012,0.377,-0.023,0.047,0.043,-0.012,0.078,-0.018,-0.011,0.004,0.236,0.194,0.064,0.791,1.166,0.005,26.3,19.63,31.45,-9999,-9999,-9999,-9999,-9999,-9999,-9999,-9999,-9999,-9999,-9999,-9999,0.064
2025,263.8125,1930,0.375,-0.004,-0.022,0.027,0.029,-0.006,0.421,-0.01,0.034,0.032,-0.006,0.08,-0.02,-0.013,0.003,0.244,0.2,0.05,0.837,1.344,0.011,26.38,19.71,31.51,-9999,-9999,-9999,-9999,-9999,-9999,-9999,-9999,-9999,-9999,-9999,-9999,0.062
2025,263.83333,2000,0.416,-0.036,-0.027,0.064,0.064,-0.018,0.408,-0.027,0.038,0.033,0.002,0.091,-0.025,-0.018,0.001,0.264,0.217,0.076,0.848,1.494,-0.02,26.41,19.73,31.49,-9999,-9999,-9999,-9999,-9999,-9999,-9999,-9999,-9999,-9999,-9999,-9999,0.064
2025,263.85417,2030,0.401,0.014,-0.026,0.049,0.053,-0.004,0.485,-0.029,0.035,0.033,-0.001,0.089,-0.027,-0.018,0.002,0.27,0.228,0.071,1.106,1.071,-0.016,26.76,20.09,31.51,-9999,-9999,-9999,-9999,-9999,-9999,-9999,-9999,-9999,-9999,-9999,-9999,0.063
2025,263.875,2100,0.532,-0.067,-0.028,0.036,0.037,-0.007,0.622,-0.017,0.036,0.029,-0.002,0.11,-0.024,-0.015,0.002,0.269,0.221,0.046,1.197,1.235,-0.022,26.87,20.22,31.43,-9999,-9999,-9999,-9999,-9999,-9999,-9999,-9999,-9999,-9999,-9999,-9999,0.064
2025,263.89583,2130,0.604,0.016,-0.021,0.04,0.042,-0.007,0.571,-0.033,0.036,0.035,-0.006,0.133,-0.032,-0.022,0.004,0.25,0.208,0.043,1.66,0.939,-0.065,26.81,20.18,31.33,-9999,-9999,-9999,-9999,-9999,-9999,-9999,-9999,-9999,-9999,-9999,-9999,0.062
2025,263.91667,2200,0.783,0.127,-0.058,0.049,0.047,-0.021,0.852,-0.014,0.039,0.035,-0.015,0.165,-0.026,-0.017,0.009,0.205,0.167,0.084,1.928,1.078,-0.004,26.88,20.27,31.32,-9999,-9999,-9999,-9999,-9999,-9999,-9999,-9999,-9999,-9999,-9999,-9999,0.064
2025,263.9375,2230,1.326,-0.008,-0.073,0.056,0.056,-0.125,1.164,-0.024,0.047,0.046,-0.047,0.209,-0.026,-0.017,0.015,0.213,0.175,0.335,2.639,0.983,-0.003,26.88,20.27,31.54,-9999,-9999,-9999,-9999,-9999,-9999,-9999,-9999,-9999,-9999,-9999,-9999,0.064
2025,263.95833,2300,1.101,0.069,-0.062,0.061,0.062,0.375,0.878,-0.029,0.028,0.023,0.014,0.175,-0.028,-0.018,-0.009,0.206,0.165,1.394,2.449,1.062,-0.049,26.83,20.2,22.31,-9999,-9999,-9999,-9999,-9999,-9999,-9999,-9999,-9999,-9999,-9999,-9999,0.064
2025,263.97917,2330,0.677,-0.008,-0.027,0.034,0.033,-0.119,0.626,-0.031,0.033,0.029,-0.018,0.13,-0.021,-0.012,0.021,0.184,0.144,0.936,1.934,0.92,-0.019,26.59,19.96,25.98,-9999,-9999,-9999,-9999,-9999,-9999,-9999,-9999,-9999,-9999,-9999,-9999,0.065
2025,264,0,1.554,0.014,-0.118,0.07,0.078,-0.043,1.563,-0.037,0.048,0.044,-0.03,0.233,-0.029,-0.018,0.018,0.182,0.15,0.186,3.691,0.705,-0.028,26.59,19.98,31.34,-9999,-9999,-9999,-9999,-9999,-9999,-9999,-9999,-9999,-9999,-9999,-9999,0.068
2025,264.02083,30,1.643,0.138,-0.16,0.078,0.08,0.129,1.66,-0.019,0.011,0.014,-0.036,0.278,-0.038,-0.023,0.019,0.201,0.166,0.82,4.191,-0.228,0,26.31,19.72,29.54,-9999,-9999,-9999,-9999,-9999,-9999,-9999,-9999,-9999,-9999,-9999,-9999,-9999
2025,264.04167,100,1.782,-0.001,-0.142,0.081,0.093,-0.101,1.648,0.026,-0.01,-0.012,-0.021,0.273,-0.035,-0.022,0.034,0.183,0.151,0.719,4.081,-0.623,-0.008,25.66,19.16,28.32,-9999,-9999,-9999,-9999,-9999,-9999,-9999,-9999,-9999,-9999,-9999,-9999,-9999
2025,264.0625,130,1.271,0.055,-0.111,0.038,0.048,-0.229,1.082,-0.004,0.007,0.002,0.029,0.215,-0.022,-0.015,0.026,0.157,0.126,0.58,3.537,-0.543,-0.028,25.2,18.77,28.18,-9999,-9999,-9999,-9999,-9999,-9999,-9999,-9999,-9999,-9999,-9999,-9999,-9999
2025,264.08333,200,1.948,0.097,-0.162,0.075,0.095,-0.169,1.749,0.039,0.013,0.001,-0.027,0.328,-0.027,-0.022,0.023,0.171,0.147,0.244,4.275,-0.7,-0.042,24.78,18.47,27.63,-9999,-9999,-9999,-9999,-9999,-9999,-9999,-9999,-9999,-9999,-9999,-9999,-9999
2025,264.10417,230,1.442,0.067,-0.11,0.125,0.137,-0.076,0.922,0.016,-0.001,-0.003,0.011,0.212,-0.034,-0.027,0.018,0.224,0.2,0.129,3.811,-0.446,-0.019,24.06,17.8,27.01,-9999,-9999,-9999,-9999,-9999,-9999,-9999,-9999,-9999,-9999,-9999,-9999,-9999
2025,264.125,300,3.452,0.098,-0.211,0.139,0.193,-0.222,2.689,0.025,-0.025,-0.027,0.029,0.432,-0.053,-0.042,0.033,0.244,0.217,0.232,5.118,-0.885,-0.022,23.09,16.97,25.56,-9999,-9999,-9999,-9999,-9999,-9999,-9999,-9999,-9999,-9999,-9999,-9999,-9999
2025,264.14583,330,1.415,-0.043,-0.113,0.12,0.132,-0.058,1.299,0.024,-0.016,-0.019,0.012,0.235,-0.048,-0.037,0.018,0.268,0.239,0.122,3.804,-0.619,-0.024,22.11,16.02,24.75,-9999,-9999,-9999,-9999,-9999,-9999,-9999,-9999,-9999,-9999,-9999,-9999,-9999
2025,264.16667,400,1.519,-0.115,-0.122,0.106,0.123,-0.055,1.412,0.016,-0.009,-0.015,0.013,0.252,-0.04,-0.029,0.016,0.225,0.198,0.105,4.089,-0.142,-0.035,21.76,15.67,24.81,-9999,-9999,-9999,-9999,-9999,-9999,-9999,-9999,-9999,-9999,-9999,-9999,-9999
2025,264.1875,430,1.797,0.06,-0.157,0.111,0.131,-0.066,2.008,-0.004,-0.022,-0.028,0.018,0.309,-0.042,-0.031,0.02,0.214,0.19,0.113,4.697,-0.05,-0.002,21.55,15.47,24.69,-9999,-9999,-9999,-9999,-9999,-9999,-9999,-9999,-9999,-9999,-9999,-9999,-9999
2025,264.20833,500,1.598,-0.232,-0.105,0.089,0.105,-0.064,1.446,0.043,-0.029,-0.04,0.033,0.249,-0.033,-0.024,0.017,0.203,0.179,0.128,3.839,-0.553,-0.022,21.28,15.21,24.34,-9999,-9999,-9999,-9999,-9999,-9999,-9999,-9999,-9999,-9999,-9999,-9999,-9999
2025,264.22917,530,1.981,-0.213,-0.153,0.104,0.123,-0.066,1.587,0.052,-0.032,-0.04,0.027,0.294,-0.041,-0.031,0.021,0.212,0.191,0.117,4.015,-0.965,-0.025,21.08,15.06,23.91,-9999,-9999,-9999,-9999,-9999,-9999,-9999,-9999,-9999,-9999,-9999,-9999,-9999
2025,264.25,600,1.975,-0.211,-0.178,0.114,0.13,-0.074,1.449,0.051,-0.023,-0.027,0.018,0.298,-0.037,-0.027,0.02,0.195,0.172,0.113,4.18,-1.226,0.01,20.91,14.9,23.86,-9999,-9999,-9999,-9999,-9999,-9999,-9999,-9999,-9999,-9999,-9999,-9999,-9999
2025,264.27083,630,1.944,-0.171,-0.16,0.073,0.089,-0.104,1.665,0.103,-0.02,-0.026,0.035,0.31,-0.023,-0.013,0.022,0.135,0.112,0.151,4.122,-1.869,-0.026,20.8,14.83,23.45,-9999,-9999,-9999,-9999,-9999,-9999,-9999,-9999,-9999,-9999,-9999,-9999,-9999
2025,264.29167,700,1.49,0.019,-0.116,0.048,0.051,-0.071,1.546,0.065,-0.016,-0.017,0.022,0.298,-0.026,-0.014,0.028,0.138,0.106,0.153,3.94,-1.485,-0.006,20.36,14.42,22.98,-9999,-9999,-9999,-9999,-9999,-9999,-9999,-9999,-9999,-9999,-9999,-9999,-9999
2025,264.3125,730,1.306,-0.033,-0.127,0.034,0.035,-0.066,1.272,0.039,-0.004,-0.005,0.014,0.269,-0.019,-0.009,0.029,0.107,0.082,0.159,3.964,-1.292,-0.009,20.22,14.31,22.88,-9999,-9999,-9999,-9999,-9999,-9999,-9999,-9999,-9999,-9999,-9999,-9999,-9999
2025,264.33333,800,1.544,0.136,-0.119,0.029,0.031,-0.114,1.306,0.035,-0.008,-0.006,0.023,0.21,-0.012,-0.001,0.031,0.087,0.073,0.196,3.598,-1.255,0.021,20.26,14.35,23.18,-9999,-9999,-9999,-9999,-9999,-9999,-9999,-9999,-9999,-9999,-9999,-9999,-9999
2025,264.35417,830,1.803,-0.115,-0.145,0.011,0.008,-0.008,1.543,0.089,0.006,0.026,0.016,0.251,-0.009,0.003,0.032,0.101,0.186,0.491,3.8,-1.769,-0.017,20.19,14.11,22.97,-9999,-9999,-9999,-9999,-9999,-9999,-9999,-9999,-9999,-9999,-9999,-9999,-9999
2025,264.375,900,1.083,-0.005,-0.08,0.011,-0.029,0.19,0.888,0.074,-0.008,0.011,0.121,0.202,-0.003,0.011,0.01,0.082,0.13,0.888,3.089,-1.735,-0.013,19.56,13.25,16.56,-9999,-9999,-9999,-9999,-9999,-9999,-9999,-9999,-9999,-9999,-9999,-9999,-9999
2025,264.39583,930,0.562,-0.138,-0.055,-0.016,-0.033,-0.095,0.614,0.055,0.006,0.022,0.017,0.122,0.006,0.015,0.027,0.071,0.126,0.384,2.488,-1.373,-0.014,20.07,13.91,19.12,-9999,-9999,-9999,-9999,-9999,-9999,-9999,-9999,-9999,-9999,-9999,-9999,-9999
2025,264.41667,1000,0.82,0.003,-0.051,-0.032,-0.042,-0.202,0.88,0.086,0.044,0.073,0.025,0.17,0.022,0.033,0.079,0.172,0.247,1.146,1.488,-2.11,-0.02,20.64,14.55,19.91,-9999,-9999,-9999,-9999,-9999,-9999,-9999,-9999,-9999,-9999,-9999,-9999,-9999
2025,264.4375,1030,1.078,0.103,-0.04,-0.022,-0.031,-0.042,0.954,0.147,0.055,0.07,0.19,0.248,0.026,0.037,0.065,0.151,0.192,0.709,1.132,-2.933,-0.027,20.44,14.51,18.14,-9999,-9999,-9999,-9999,-9999,-9999,-9999,-9999,-9999,-9999,-9999,-9999,-9999
2025,264.45833,1100,1.253,0.152,-0.006,0.014,0.011,-0.009,1.044,0.123,0.049,0.069,0.15,0.215,0.019,0.028,0.036,0.14,0.167,0.721,0.45,-2.987,-0.057,20.56,14.72,20.16,-9999,-9999,-9999,-9999,-9999,-9999,-9999,-9999,-9999,-9999,-9999,-9999,0.068
2025,264.47917,1130,0.783,0.115,-0.017,0.006,-0.024,-0.048,0.99,0.114,0.048,0.058,0.228,0.211,0.017,0.033,0.064,0.157,0.262,0.792,0.352,-3.133,-0.055,20.55,14.58,22.72,-9999,-9999,-9999,-9999,-9999,-9999,-9999,-9999,-9999,-9999,-9999,-9999,0.067
2025,264.5,1200,0.684,-0.034,-0.006,-0.009,-0.017,0.027,0.907,0.108,0.046,0.066,-0.036,0.164,0.017,0.026,0.031,0.129,0.19,0.677,0.661,-2.453,-0.064,20.07,14.19,20.75,-9999,-9999,-9999,-9999,-9999,-9999,-9999,-9999,-9999,-9999,-9999,-9999,0.066
2025,264.52083,1230,1.103,-0.211,0.014,-0.014,-0.028,-0.228,0.993,0.112,0.01,0.031,0.12,0.233,0.006,0.02,0.034,0.142,0.174,0.81,0.503,-2.451,-0.011,20.21,14.28,17.15,-9999,-9999,-9999,-9999,-9999,-9999,-9999,-9999,-9999,-9999,-9999,-9999,0.065
2025,264.54167,1300,0.602,-0.091,-0.013,-0.002,-0.02,0.006,0.656,0.07,0.031,0.061,0.086,0.134,0.016,0.025,0.049,0.139,0.198,0.442,0.424,-2.188,-0.042,20.21,14.51,17.35,-9999,-9999,-9999,-9999,-9999,-9999,-9999,-9999,-9999,-9999,-9999,-9999,0.065
2025,264.5625,1330,0.919,-0.291,0.054,-0.001,0,0.017,1.268,0.105,0.041,0.074,0.017,0.288,0.022,0.033,0.069,0.142,0.172,0.543,-0.366,-2.326,-0.033,20.61,14.94,21.75,-9999,-9999,-9999,-9999,-9999,-9999,-9999,-9999,-9999,-9999,-9999,-9999,0.066
2025,264.58333,1400,0.415,-0.029,-0.001,-0.004,-0.007,0.001,0.743,0.081,0.025,0.051,0.05,0.127,0.015,0.022,0.046,0.14,0.175,0.4,0.147,-2.013,-0.017,20.46,14.82,21.73,-9999,-9999,-9999,-9999,-9999,-9999,-9999,-9999,-9999,-9999,-9999,-9999,-9999
2025,264.60417,1430,0.39,-0.066,0.033,0.026,0.028,0.045,0.591,0.066,0.047,0.101,0.077,0.124,0.039,0.045,0.068,0.284,0.346,0.466,-0.218,-1.446,-0.03,20.86,15.43,22.05,-9999,-9999,-9999,-9999,-9999,-9999,-9999,-9999,-9999,-9999,-9999,-9999,-9999
2025,264.625,1500,0.684,-0.183,0.004,-0.046,-9999,-0.015,0.942,0.084,0.066,-9999,0.118,0.161,0.026,-9999,0.063,0.235,-9999,0.464,-0.076,-1.976,-0.009,21.31,-9999,21.75,-9999,-9999,-9999,-9999,-9999,-9999,-9999,-9999,-9999,-9999,-9999,-9999,-9999
2025,264.64583,1530,0.616,-0.181,0.047,0.012,-9999,0.079,1.153,0.106,0.069,-9999,0.072,0.221,0.036,-9999,0.081,0.258,-9999,0.471,-0.396,-1.86,-0.009,21.3,-9999,20.88,-9999,-9999,-9999,-9999,-9999,-9999,-9999,-9999,-9999,-9999,-9999,-9999,-9999
2025,264.66667,1600,0.544,0,0.049,-0.011,-9999,0.005,0.997,0.073,0.063,-9999,0.116,0.239,0.018,-9999,0.058,0.184,-9999,0.381,-0.254,-2.414,-0.042,21.25,-9999,20.39,-9999,-9999,-9999,-9999,-9999,-9999,-9999,-9999,-9999,-9999,-9999,-9999,-9999
2025,264.6875,1630,0.504,-0.152,0.049,-0.009,-9999,0.028,0.921,0.062,0.058,-9999,0.098,0.167,0.018,-9999,0.06,0.191,-9999,0.396,-0.371,-1.677,-0.005,21.1,-9999,20.5,-9999,-9999,-9999,-9999,-9999,-9999,-9999,-9999,-9999,-9999,-9999,-9999,-9999
2025,264.70833,1700,0.639,-0.259,0.064,-0.02,-9999,0.018,1.209,0.091,0.049,-9999,0.068,0.252,0.004,-9999,0.047,0.142,-9999,0.297,-0.668,-1.855,-0.018,20.91,-9999,20.49,-9999,-9999,-9999,-9999,-9999,-9999,-9999,-9999,-9999,-9999,-9999,-9999,-9999
2025,264.72917,1730,0.356,-0.033,0.041,-0.017,-0.007,0.018,0.683,0.05,-0.007,0.017,0.046,0.14,-0.015,-0.008,0.031,0.124,0.151,0.236,-0.25,-1.722,-0.003,20.39,14.87,20.77,-9999,-9999,-9999,-9999,-9999,-9999,-9999,-9999,-9999,-9999,-9999,-9999,-9999
2025,264.75,1800,0.383,-0.042,0.037,-0.024,-0.021,0.015,0.539,0.036,0,0.026,0.015,0.157,-0.014,-0.009,0.027,0.126,0.127,0.234,-0.261,-1.731,-0.007,20.32,14.99,20.74,-9999,-9999,-9999,-9999,-9999,-9999,-9999,-9999,-9999,-9999,-9999,-9999,-9999
2025,264.77083,1830,0.289,-0.059,0.032,-0.022,-0.019,0.011,0.49,0.022,-0.015,-0.01,0.017,0.117,-0.025,-0.021,0.022,0.201,0.193,0.202,-0.295,-1.416,-0.02,19.94,14.29,20.6,-9999,-9999,-9999,-9999,-9999,-9999,-9999,-9999,-9999,-9999,-9999,-9999,-9999
2025,264.79167,1900,0.152,-0.024,0.026,-0.011,-0.007,0,0.384,0.021,-0.036,-0.037,0.035,0.075,-0.02,-0.013,0.011,0.195,0.151,0.157,-0.23,-1.054,-0.005,19.15,13.24,21.12,-9999,-9999,-9999,-9999,-9999,-9999,-9999,-9999,-9999,-9999,-9999,-9999,-9999
2025,264.8125,1930,0.079,-0.025,0.011,0.001,0.002,-0.004,0.243,0,-0.035,-0.044,0.014,0.04,-0.016,-0.007,0.005,0.226,0.182,0.132,-0.17,-0.728,-0.004,18.55,12.54,21.36,-9999,-9999,-9999,-9999,-9999,-9999,-9999,-9999,-9999,-9999,-9999,-9999,-9999
2025,264.83333,2000,0.138,0.019,0.014,-0.021,-0.018,0.007,0.326,0.021,-0.055,-0.059,0.036,0.053,-0.017,-0.008,0.008,0.231,0.192,0.149,-0.038,-1.154,0.002,18.46,12.51,21.2,-9999,-9999,-9999,-9999,-9999,-9999,-9999,-9999,-9999,-9999,-9999,-9999,-9999
2025,264.85417,2030,0.071,-0.026,0.006,-0.006,-0.001,-0.003,0.144,0.003,-0.016,-0.025,0.006,0.028,-0.009,-0.001,0.001,0.248,0.192,0.161,-0.109,-0.472,0.02,17.95,11.92,21,-9999,-9999,-9999,-9999,-9999,-9999,-9999,-9999,-9999,-9999,-9999,-9999,-9999
2025,264.875,2100,0.037,-0.007,0.003,-0.001,0.006,-0.006,0.044,0.001,-0.005,-0.011,0.006,0.007,-0.002,-0.001,-0.001,0.266,0.211,0.086,0.219,-0.259,0.02,16.88,10.81,20.85,-9999,-9999,-9999,-9999,-9999,-9999,-9999,-9999,-9999,-9999,-9999,-9999,-9999
2025,264.89583,2130,0.044,-0.006,0.003,0.016,0.017,-0.01,0.05,0,-0.021,-0.02,0.008,0.012,-0.006,-0.001,-0.002,0.402,0.297,0.119,0.118,-0.323,0.011,16.64,10.59,20.7,-9999,-9999,-9999,-9999,-9999,-9999,-9999,-9999,-9999,-9999,-9999,-9999,-9999
2025,264.91667,2200,0.027,0.005,0,0.032,0.028,0.006,0.022,0.001,-0.015,-0.012,-0.003,0.004,0.001,0.003,0,0.485,0.411,0.108,0.326,-0.07,0.014,15.95,9.95,20.52,-9999,-9999,-9999,-9999,-9999,-9999,-9999,-9999,-9999,-9999,-9999,-9999,-9999
2025,264.9375,2230,0.048,0.009,-0.001,0.063,0.058,0.011,0.019,0,0.007,0.005,-0.002,0.004,-0.004,-0.003,-0.002,0.418,0.344,0.153,0.237,0.037,0.012,14.66,8.61,19.75,-9999,-9999,-9999,-9999,-9999,-9999,-9999,-9999,-9999,-9999,-9999,-9999,-9999
2025,264.95833,2300,0.043,0.003,0.003,0.032,0.03,0.001,0.016,0.001,0.002,0,0.001,0.004,0,0.001,0.001,0.359,0.271,0.411,0.22,-0.051,0.013,14.81,8.73,14.67,-9999,-9999,-9999,-9999,-9999,-9999,-9999,-9999,-9999,-9999,-9999,-9999,-9999
2025,264.97917,2330,0.051,0.006,0.002,0.087,0.068,-0.004,0.021,0,-0.004,-0.001,0.006,0.006,-0.002,0,-0.004,0.624,0.454,0.23,0.264,-0.117,0.006,14.71,8.65,10.38,-9999,-9999,-9999,-9999,-9999,-9999,-9999,-9999,-9999,-9999,-9999,-9999,-9999
2025,265,0,0.047,-0.005,0.001,0.016,0.017,-0.005,0.053,0.005,-0.043,-0.038,-0.018,0.015,-0.003,0.001,-0.003,0.48,0.381,0.534,0.273,-0.344,0.016,15.86,9.8,13.22,-9999,-9999,-9999,-9999,-9999,-9999,-9999,-9999,-9999,-9999,-9999,-9999,-9999
2025,265.02083,30,0.058,0.007,0.006,0,-0.001,-0.007,0.092,0.003,-0.034,-0.033,0.006,0.016,-0.009,-0.005,-0.002,0.397,0.282,0.088,0.181,-0.655,0.015,16.41,10.45,20.07,-9999,-9999,-9999,-9999,-9999,-9999,-9999,-9999,-9999,-9999,-9999,-9999,-9999
2025,265.04167,100,0.032,-0.002,0.002,0.006,0.009,0.002,0.046,0.004,-0.027,-0.025,-0.007,0.007,-0.007,-0.005,-0.002,0.382,0.325,0.083,0.414,-0.19,0.018,15.79,9.86,20.16,-9999,-9999,-9999,-9999,-9999,-9999,-9999,-9999,-9999,-9999,-9999,-9999,-9999
2025,265.0625,130,0.05,0.003,0.005,-0.012,-0.009,-0.001,0.043,0.006,-0.01,-0.01,-0.001,0.013,-0.008,-0.006,-0.002,0.36,0.287,0.08,0.171,-0.273,-0.009,15.59,9.6,19.87,-9999,-9999,-9999,-9999,-9999,-9999,-9999,-9999,-9999,-9999,-9999,-9999,-9999
2025,265.08333,200,0.097,-0.018,0.005,-0.002,-0.004,-0.007,0.258,0.012,-0.065,-0.062,0.008,0.041,-0.012,-0.007,0,0.294,0.216,0.076,-0.044,-0.767,0.023,16.02,10.06,20.14,-9999,-9999,-9999,-9999,-9999,-9999,-9999,-9999,-9999,-9999,-9999,-9999,-9999
2025,265.10417,230,0.079,-0.021,0.002,-0.01,-0.009,-0.003,0.193,0.004,-0.022,-0.031,-0.007,0.033,-0.009,-0.005,-0.001,0.207,0.162,0.054,-0.183,-0.214,-0.003,15.91,9.89,20.18,-9999,-9999,-9999,-9999,-9999,-9999,-9999,-9999,-9999,-9999,-9999,-9999,-9999
2025,265.125,300,0.074,-0.015,0.006,-0.014,-0.01,-0.005,0.255,0.013,-0.001,-0.008,0.003,0.034,-0.008,-0.004,0,0.205,0.144,0.061,-0.018,-0.63,0.008,15.64,9.66,20.07,-9999,-9999,-9999,-9999,-9999,-9999,-9999,-9999,-9999,-9999,-9999,-9999,-9999
2025,265.14583,330,0.097,-0.01,0.009,-0.013,-0.015,-0.005,0.154,0.003,-0.015,-0.018,0.008,0.028,-0.009,-0.005,0,0.187,0.142,0.063,-0.038,-0.362,0.003,16.07,10.09,20.35,-9999,-9999,-9999,-9999,-9999,-9999,-9999,-9999,-9999,-9999,-9999,-9999,-9999
2025,265.16667,400,0.119,-0.039,0.014,-0.01,-0.007,-0.003,0.266,0.008,-0.029,-0.026,0,0.054,-0.019,-0.011,-0.001,0.239,0.159,0.059,-0.13,-1.14,0.027,16.05,10.07,20.42,-9999,-9999,-9999,-9999,-9999,-9999,-9999,-9999,-9999,-9999,-9999,-9999,-9999
2025,265.1875,430,0.132,-0.008,0.023,-0.005,-0.006,-0.004,0.355,0.009,-0.044,-0.047,0.005,0.065,-0.016,-0.007,0.001,0.188,0.136,0.066,-0.24,-0.949,0.025,16.06,10.08,20.43,-9999,-9999,-9999,-9999,-9999,-9999,-9999,-9999,-9999,-9999,-9999,-9999,-9999
2025,265.20833,500,0.13,-0.011,0.013,-0.006,-0.007,-0.003,0.33,0.011,-0.019,-0.023,0.003,0.054,-0.01,-0.003,0.002,0.168,0.117,0.068,-0.153,-0.803,0.039,16.12,10.13,20.52,-9999,-9999,-9999,-9999,-9999,-9999,-9999,-9999,-9999,-9999,-9999,-9999,-9999
2025,265.22917,530,0.138,-0.032,0.012,-0.012,-0.011,-0.001,0.249,0.012,-0.017,-0.02,-0.001,0.053,-0.011,-0.006,0,0.178,0.122,0.05,-0.345,-0.506,0.008,16.31,10.31,20.48,-9999,-9999,-9999,-9999,-9999,-9999,-9999,-9999,-9999,-9999,-9999,-9999,-9999
2025,265.25,600,0.151,0.007,0.028,-0.015,-0.015,0,0.371,0.026,-0.049,-0.048,0.008,0.069,-0.018,-0.012,0.003,0.192,0.144,0.066,-0.243,-0.876,0.014,16.4,10.43,20.5,-9999,-9999,-9999,-9999,-9999,-9999,-9999,-9999,-9999,-9999,-9999,-9999,-9999
2025,265.27083,630,0.114,-0.01,0.008,-0.01,-0.012,0,0.198,0.013,-0.023,-0.028,-0.002,0.039,-0.013,-0.008,0,0.205,0.157,0.054,-0.301,-0.295,0.013,16.61,10.59,20.61,-9999,-9999,-9999,-9999,-9999,-9999,-9999,-9999,-9999,-9999,-9999,-9999,-9999
2025,265.29167,700,0.089,0.013,0.006,-0.017,-0.02,0.003,0.082,0.008,-0.007,-0.01,0.003,0.024,-0.009,-0.005,0,0.195,0.154,0.39,-0.238,-0.305,-0.019,16.53,10.49,20.59,-9999,-9999,-9999,-9999,-9999,-9999,-9999,-9999,-9999,-9999,-9999,-9999,-9999
2025,265.3125,730,0.059,-0.008,0.01,-0.015,-0.012,0.001,0.087,0.005,-0.004,-0.003,0.002,0.023,-0.01,-0.006,0,0.196,0.143,0.05,-0.262,-0.446,-0.003,16.25,10.3,20.56,-9999,-9999,-9999,-9999,-9999,-9999,-9999,-9999,-9999,-9999,-9999,-9999,-9999
2025,265.33333,800,0.082,-0.019,0.007,-0.001,0.004,0.002,0.155,0.003,-0.007,0.003,0.007,0.037,-0.003,0.001,0.004,0.116,0.12,0.103,-0.237,-0.502,-0.001,16.57,10.93,20.86,-9999,-9999,-9999,-9999,-9999,-9999,-9999,-9999,-9999,-9999,-9999,-9999,-9999
2025,265.35417,830,0.141,-0.022,0.014,-0.001,0.018,0.016,0.158,0.019,0.018,0.029,-0.001,0.056,0.007,0.015,0.015,0.125,0.17,0.188,-0.374,-0.474,0.011,17.5,11.94,21.3,-9999,-9999,-9999,-9999,-9999,-9999,-9999,-9999,-9999,-9999,-9999,-9999,-9999
2025,265.375,900,0.253,-0.023,0.025,0.01,-9999,0.047,0.403,0.03,0.041,-9999,0.022,0.095,0.018,-9999,0.03,0.193,-9999,0.302,-0.762,-0.506,0.001,18.7,-9999,21.28,-9999,-9999,-9999,-9999,-9999,-9999,-9999,-9999,-9999,-9999,-9999,-9999,-9999
2025,265.39583,930,0.511,-0.088,0.072,0.03,-9999,0.049,0.716,0.027,0.03,-9999,-0.014,0.17,0.031,-9999,0.038,0.205,-9999,0.287,-1.143,-0.552,-0.037,19.5,-9999,21.04,-9999,-9999,-9999,-9999,-9999,-9999,-9999,-9999,-9999,-9999,-9999,-9999,-9999
2025,265.41667,1000,1.07,-0.21,0.097,0.083,-9999,0.128,1.144,0.084,0.025,-9999,0.032,0.241,0.037,-9999,0.056,0.258,-9999,0.358,-1.634,-0.333,-0.013,20.1,-9999,20.91,-9999,-9999,-9999,-9999,-9999,-9999,-9999,-9999,-9999,-9999,-9999,-9999,-9999
2025,265.4375,1030,1.31,-0.041,0.166,0.099,-9999,0.142,1.471,0.094,0.066,-9999,0.049,0.325,0.052,-9999,0.075,0.289,-9999,0.375,-1.658,-0.622,-0.036,20.42,-9999,20.46,-9999,-9999,-9999,-9999,-9999,-9999,-9999,-9999,-9999,-9999,-9999,-9999,-9999
2025,265.45833,1100,1.022,-0.246,0.056,0.097,0.121,0.151,1.195,0.036,0.034,0.097,0.014,0.191,0.045,0.039,0.063,0.343,0.362,0.436,-1.498,-0.29,-0.002,20.87,15.63,19.79,-9999,-9999,-9999,-9999,-9999,-9999,-9999,-9999,-9999,-9999,-9999,-9999,-9999
2025,265.47917,1130,0.897,0.016,0.13,0.019,0.028,0.058,1.516,0.107,0.066,0.102,0.062,0.322,0.022,0.021,0.059,0.156,0.197,0.303,-1.604,-0.894,-0.044,20.28,14.91,19.12,-9999,-9999,-9999,-9999,-9999,-9999,-9999,-9999,-9999,-9999,-9999,-9999,-9999
2025,265.5,1200,1.066,0.123,0.158,0.086,0.084,0.128,1.707,0.124,0.076,0.129,0.083,0.314,0.04,0.035,0.065,0.262,0.301,0.366,-1.666,-0.859,-0.041,20.72,15.46,19.21,-9999,-9999,-9999,-9999,-9999,-9999,-9999,-9999,-9999,-9999,-9999,-9999,-9999
2025,265.52083,1230,1.225,-0.317,0.089,0.099,0.127,0.118,1.304,0.091,0.04,0.122,0.042,0.267,0.046,0.042,0.06,0.347,0.435,0.421,-1.609,-0.537,0.006,20.9,15.74,19.51,-9999,-9999,-9999,-9999,-9999,-9999,-9999,-9999,-9999,-9999,-9999,-9999,-9999
2025,265.54167,1300,0.806,-0.314,0.042,0.009,0.017,0.101,1.054,0.028,0.057,0.15,0.022,0.194,0.029,0.025,0.06,0.264,0.356,0.446,-1.093,-0.581,0.001,20.86,15.77,19.32,-9999,-9999,-9999,-9999,-9999,-9999,-9999,-9999,-9999,-9999,-9999,-9999,-9999
2025,265.5625,1330,1.504,-0.387,0.104,0.138,0.167,0.202,1.784,0.08,0.116,0.182,0.016,0.33,0.073,0.059,0.079,0.476,0.484,0.478,-1.6,-1.219,-0.03,21.04,16.05,19.2,-9999,-9999,-9999,-9999,-9999,-9999,-9999,-9999,-9999,-9999,-9999,-9999,-9999
2025,265.58333,1400,1.046,-0.309,0.113,0.064,0.096,0.153,1.617,0.054,0.087,0.191,0.046,0.304,0.061,0.053,0.092,0.372,0.434,0.487,-1.16,-1.138,0.025,21.03,16.06,19.06,-9999,-9999,-9999,-9999,-9999,-9999,-9999,-9999,-9999,-9999,-9999,-9999,-9999
2025,265.60417,1430,0.959,-0.261,0.106,0.147,0.208,0.211,1.284,0.041,0.1,0.249,0.081,0.228,0.059,0.054,0.084,0.427,0.556,0.534,-1.008,-0.853,0.02,21.33,16.61,18.85,-9999,-9999,-9999,-9999,-9999,-9999,-9999,-9999,-9999,-9999,-9999,-9999,-9999
2025,265.625,1500,0.982,-0.202,0.119,0.013,0.029,0.049,1.787,0.042,0.136,0.242,0.13,0.351,0.05,0.043,0.088,0.318,0.349,0.445,-0.887,-2.249,-0.044,20.94,16.1,18.1,-9999,-9999,-9999,-9999,-9999,-9999,-9999,-9999,-9999,-9999,-9999,-9999,-9999
2025,265.64583,1530,0.86,-0.199,0.093,0.059,0.11,0.072,1.478,0.066,0.085,0.208,0.068,0.262,0.043,0.039,0.073,0.294,0.371,0.456,-0.849,-1.165,0,21.03,16.4,18.29,-9999,-9999,-9999,-9999,-9999,-9999,-9999,-9999,-9999,-9999,-9999,-9999,-9999
2025,265.66667,1600,1.023,0.04,0.092,0.107,0.191,0.206,0.849,0.082,0.071,0.134,0.084,0.236,0.038,0.036,0.071,0.267,0.332,0.455,-1.225,-0.708,-0.003,20.87,16.21,18.12,-9999,-9999,-9999,-9999,-9999,-9999,-9999,-9999,-9999,-9999,-9999,-9999,-9999
2025,265.6875,1630,0.863,-0.098,0.081,0.063,0.114,0.077,1.105,0.082,0.049,0.107,0.049,0.236,0.032,0.034,0.053,0.227,0.276,0.319,-1.543,-0.497,-0.049,20.64,15.92,18.66,-9999,-9999,-9999,-9999,-9999,-9999,-9999,-9999,-9999,-9999,-9999,-9999,-9999
2025,265.70833,1700,1.537,-0.403,0.156,0.052,-9999,0.164,1.599,0.106,0.033,-9999,-0.023,0.324,0.02,-9999,0.049,0.158,-9999,0.273,-1.755,-1.094,-0.029,20.29,-9999,19.46,-9999,-9999,-9999,-9999,-9999,-9999,-9999,-9999,-9999,-9999,-9999,-9999,-9999
2025,265.72917,1730,0.813,-0.078,0.08,0.018,0.048,0.071,1.051,0.055,0.023,0.081,0.009,0.215,0.003,0.002,0.034,0.129,0.169,0.25,-1.063,-0.861,-0.002,20.14,15.16,19.58,-9999,-9999,-9999,-9999,-9999,-9999,-9999,-9999,-9999,-9999,-9999,-9999,-9999
2025,265.75,1800,0.41,-0.041,0.055,-0.012,0.004,0.045,0.558,0.022,-0.001,0.03,0.01,0.153,-0.011,-0.011,0.025,0.134,0.144,0.236,-0.693,-0.759,-0.009,19.68,14.45,19.67,-9999,-9999,-9999,-9999,-9999,-9999,-9999,-9999,-9999,-9999,-9999,-9999,-9999
2025,265.77083,1830,0.233,-0.074,0.019,-0.025,-0.022,0.02,0.369,0.024,-0.002,0.007,-0.011,0.076,-0.016,-0.012,0.009,0.2,0.194,0.179,-0.32,-0.63,0.023,18.94,13.37,19.78,-9999,-9999,-9999,-9999,-9999,-9999,-9999,-9999,-9999,-9999,-9999,-9999,-9999
2025,265.79167,1900,0.102,-0.012,0.013,-0.029,-9999,0.008,0.268,0.001,-0.022,-9999,-0.004,0.04,-0.018,-9999,0.005,0.259,-9999,0.156,-0.212,-0.395,-0.011,18.05,-9999,19.98,-9999,-9999,-9999,-9999,-9999,-9999,-9999,-9999,-9999,-9999,-9999,-9999,-9999
2025,265.8125,1930,0.143,-0.003,0.019,-0.011,-0.007,-0.003,0.452,0.01,-0.047,-0.058,0.029,0.063,-0.021,-0.011,0.006,0.239,0.192,0.14,-0.217,-1.007,0.02,17.39,11.52,19.96,-9999,-9999,-9999,-9999,-9999,-9999,-9999,-9999,-9999,-9999,-9999,-9999,-9999
2025,265.83333,2000,0.085,-0.01,0.005,-0.015,-9999,0.008,0.096,0.008,-0.011,-9999,0.002,0.026,-0.01,-9999,0.002,0.223,-9999,0.088,-0.237,-0.434,0.005,16.9,-9999,20.09,-9999,-9999,-9999,-9999,-9999,-9999,-9999,-9999,-9999,-9999,-9999,-9999,-9999
2025,265.85417,2030,0.111,0.041,0.019,-0.022,-0.022,0.007,0.132,0.013,-0.013,-0.023,0.006,0.035,-0.009,-0.008,0.002,0.217,0.187,0.071,-0.238,-0.382,-0.03,16.65,10.65,19.87,-9999,-9999,-9999,-9999,-9999,-9999,-9999,-9999,-9999,-9999,-9999,-9999,-9999
2025,265.875,2100,0.172,0.002,0.025,-0.027,-0.027,0.009,0.288,0.026,-0.032,-0.034,0.004,0.067,-0.015,-0.01,0.004,0.253,0.208,0.09,-0.551,-0.368,0.029,16.99,11.08,19.67,-9999,-9999,-9999,-9999,-9999,-9999,-9999,-9999,-9999,-9999,-9999,-9999,-9999
2025,265.89583,2130,0.158,0.054,0.023,-0.036,-0.04,0.012,0.22,0.012,-0.023,-0.024,0.005,0.054,-0.013,-0.009,0.004,0.235,0.196,0.101,-0.622,-0.5,-0.035,16.75,10.85,19.58,-9999,-9999,-9999,-9999,-9999,-9999,-9999,-9999,-9999,-9999,-9999,-9999,-9999
2025,265.91667,2200,0.107,0.002,0.013,-0.032,-0.031,0.01,0.104,0.009,-0.011,-0.014,0.005,0.029,-0.013,-0.009,0.003,0.244,0.199,0.104,-0.249,-0.478,-0.001,16.1,10.14,19.66,-9999,-9999,-9999,-9999,-9999,-9999,-9999,-9999,-9999,-9999,-9999,-9999,-9999
2025,265.9375,2230,0.112,-0.012,0.009,-0.025,-0.02,0.005,0.079,0.008,-0.006,-0.006,0.003,0.029,-0.01,-0.005,0.001,0.269,0.199,0.089,-0.199,-0.609,-0.011,15.87,9.92,19.66,-9999,-9999,-9999,-9999,-9999,-9999,-9999,-9999,-9999,-9999,-9999,-9999,-9999
2025,265.95833,2300,0.05,0,0.005,-0.017,-0.012,0.002,0.048,0.002,-0.009,-0.011,0.001,0.018,-0.008,-0.005,0,0.3,0.246,0.055,-0.024,-0.416,-0.005,15.48,9.5,19.63,-9999,-9999,-9999,-9999,-9999,-9999,-9999,-9999,-9999,-9999,-9999,-9999,-9999
2025,265.97917,2330,0.021,0,0.002,-0.015,-9999,-0.002,0.023,0.001,-0.004,-9999,0,0.005,-0.005,-9999,0,0.37,-9999,0.095,-0.057,-0.175,0.014,14.83,-9999,19.44,-9999,-9999,-9999,-9999,-9999,-9999,-9999,-9999,-9999,-9999,-9999,-9999,-9999
2025,266,0,0.018,0,0,-0.009,-0.007,0.003,0.013,0,-0.009,-0.006,0.001,0.002,0,0.001,0,0.424,0.276,0.092,0.091,-0.288,0.016,13.93,7.964,18.66,-9999,-9999,-9999,-9999,-9999,-9999,-9999,-9999,-9999,-9999,-9999,-9999,-9999
2025,266.02083,30,0.012,-0.001,0,-0.003,0.001,0.004,0.012,0,0.006,0.003,-0.006,0.001,0,0,0,0.274,0.167,0.224,0.323,-0.482,0.006,13.86,7.885,15.72,-9999,-9999,-9999,-9999,-9999,-9999,-9999,-9999,-9999,-9999,-9999,-9999,-9999
2025,266.04167,100,0.067,-0.004,0,-0.015,-0.009,0.006,0.079,0.004,-0.044,-0.037,-0.005,0.02,-0.012,-0.008,-0.005,0.448,0.325,0.197,0.208,-0.441,0.013,14.46,8.46,14.61,-9999,-9999,-9999,-9999,-9999,-9999,-9999,-9999,-9999,-9999,-9999,-9999,-9999
2025,266.0625,130,0.027,0.003,0.002,-0.003,0.001,0.01,0.031,0.002,-0.017,-0.014,0.008,0.007,-0.004,-0.003,-0.002,0.411,0.323,0.206,0.206,-0.094,0.005,14.59,8.56,16.13,-9999,-9999,-9999,-9999,-9999,-9999,-9999,-9999,-9999,-9999,-9999,-9999,-9999
2025,266.08333,200,0.053,0.019,0.002,0.009,0.016,-0.033,0.016,0.001,0.003,0.005,-0.015,0.002,0,0.001,-0.006,0.347,0.282,0.836,0.275,-0.279,0.008,13.86,7.905,12.16,-9999,-9999,-9999,-9999,-9999,-9999,-9999,-9999,-9999,-9999,-9999,-9999,-9999
2025,266.10417,230,0.023,0.006,0.001,-0.035,-0.025,0.007,0.014,0.001,0,0.001,0.002,0.004,-0.003,-0.002,0.004,0.4,0.302,0.35,0.161,-0.179,0,14.63,8.49,-0.785,-9999,-9999,-9999,-9999,-9999,-9999,-9999,-9999,-9999,-9999,-9999,-9999,-9999
2025,266.125,300,0.021,0.002,0,0.006,0.009,0.012,0.036,0,0.028,0.022,0.014,0.002,-0.001,0,0,0.304,0.249,0.261,0.215,-0.21,-0.002,13.35,7.372,-0.993,-9999,-9999,-9999,-9999,-9999,-9999,-9999,-9999,-9999,-9999,-9999,-9999,-9999
2025,266.14583,330,0.02,-0.001,0,0.011,-9999,0.03,0.016,0,0.002,-9999,0.004,0.001,0,-9999,0.003,0.223,-9999,1.055,0.316,-0.324,0.001,13.31,-9999,12.75,-9999,-9999,-9999,-9999,-9999,-9999,-9999,-9999,-9999,-9999,-9999,-9999,-9999
2025,266.16667,400,0.008,-0.003,0,-0.003,-9999,-0.007,0.018,0.001,0.016,-9999,-0.001,0.001,0,-9999,0.001,0.184,-9999,0.303,-0.165,0.286,0.013,12.82,-9999,20.45,-9999,-9999,-9999,-9999,-9999,-9999,-9999,-9999,-9999,-9999,-9999,-9999,-9999
2025,266.1875,430,0.012,0.002,0,0,-0.001,-0.029,0.047,0.002,0.003,0.003,-0.041,0.001,-0.001,0,0.003,0.254,0.234,0.699,-0.091,0.011,0.005,12.69,6.601,22.91,-9999,-9999,-9999,-9999,-9999,-9999,-9999,-9999,-9999,-9999,-9999,-9999,-9999
2025,266.20833,500,0.011,-0.004,0,-0.001,-0.006,-0.008,0.017,0,-0.002,-0.001,0.01,0.001,0,0.001,0,0.21,0.196,0.474,-0.116,0.099,0.011,12.61,6.527,20.67,-9999,-9999,-9999,-9999,-9999,-9999,-9999,-9999,-9999,-9999,-9999,-9999,-9999
2025,266.22917,530,0.012,-0.003,0,0.001,-0.001,-0.014,0.014,0,0,0.001,0.007,0.001,-0.001,0,-0.001,0.124,0.121,0.254,-0.156,0.26,0.013,12.5,6.396,15.93,-9999,-9999,-9999,-9999,-9999,-9999,-9999,-9999,-9999,-9999,-9999,-9999,-9999
2025,266.25,600,0.03,0.002,0.001,0.006,0.008,-0.021,0.024,0.001,-0.022,-0.016,-0.005,0.005,-0.005,-0.001,0.002,0.427,0.301,0.376,-0.037,-0.253,-0.009,13.5,7.202,14.44,-9999,-9999,-9999,-9999,-9999,-9999,-9999,-9999,-9999,-9999,-9999,-9999,-9999
2025,266.27083,630,0.082,0.015,0.003,0.042,0.038,-0.017,0.098,0.007,-0.025,-0.002,-0.043,0.015,-0.005,0.001,-0.006,0.628,0.437,0.485,-0.101,0.161,0.014,14.15,8.06,11.08,-9999,-9999,-9999,-9999,-9999,-9999,-9999,-9999,-9999,-9999,-9999,-9999,-9999
2025,266.29167,700,0.248,-0.422,0.13,-0.05,-0.006,0.017,0.762,-0.233,0.059,0.001,-0.038,0.074,-0.016,-0.001,0.012,0.461,0.246,0.191,0.176,-0.153,0.053,14.02,7.091,8.4,-9999,-9999,-9999,-9999,-9999,-9999,-9999,-9999,-9999,-9999,-9999,-9999,-9999
2025,266.3125,730,-9999,-9999,-9999,-9999,-9999,-9999,-9999,-9999,-9999,-9999,-9999,-9999,-9999,-9999,-9999,-9999,0.376,0.375,-9999,-9999,-9999,-9999,8.8,6.738,-9999,-9999,-9999,-9999,-9999,-9999,-9999,-9999,-9999,-9999,-9999,-9999,-9999
2025,266.33333,800,-9999,-9999,-9999,-9999,-9999,-9999,-9999,-9999,-9999,-9999,-9999,-9999,-9999,-9999,-9999,-9999,0.162,0.271,-9999,-9999,-9999,-9999,11.05,0.195,-9999,-9999,-9999,-9999,-9999,-9999,-9999,-9999,-9999,-9999,-9999,-9999,-9999
2025,266.35417,830,-9999,-9999,-9999,-9999,-9999,-9999,-9999,-9999,-9999,-9999,-9999,-9999,-9999,-9999,-9999,-9999,0.238,1.202,-9999,-9999,-9999,-9999,12.08,13.45,-9999,-9999,-9999,-9999,-9999,-9999,-9999,-9999,-9999,-9999,-9999,-9999,-9999
2025,266.375,900,0.187,-0.043,0.02,-0.006,0.011,0.018,0.261,0.01,0.031,0.054,0,0.06,0.023,0.027,0.022,0.254,0.26,0.234,-0.486,-0.567,-0.039,20.67,12.81,22.17,-9999,-9999,-9999,-9999,-9999,-9999,-9999,-9999,-9999,-9999,-9999,-9999,0.057
2025,266.39583,930,0.261,-0.057,0.009,0.033,0.036,0.026,0.317,0.004,-0.022,-0.014,0.017,0.053,0.026,0.021,0.027,0.326,0.334,0.303,-1.019,0.493,0.008,19.52,13.91,22.48,-9999,-9999,-9999,-9999,-9999,-9999,-9999,-9999,-9999,-9999,-9999,-9999,0.057
2025,266.41667,1000,0.299,-0.091,0.011,0.022,0.062,0.032,0.502,0.024,-0.01,0.013,0.02,0.061,0.013,0.017,0.02,0.172,0.297,0.211,-1.069,0.299,0.005,19.65,14.01,22.31,-9999,-9999,-9999,-9999,-9999,-9999,-9999,-9999,-9999,-9999,-9999,-9999,0.057
2025,266.4375,1030,0.484,-0.025,0.059,0.1,0.107,0.115,0.655,0.049,0.017,0.083,0.014,0.126,0.056,0.056,0.053,0.396,0.459,0.424,-1.213,-0.186,0.005,20.93,15.61,22.4,-9999,-9999,-9999,-9999,-9999,-9999,-9999,-9999,-9999,-9999,-9999,-9999,0.061
2025,266.45833,1100,0.803,-0.17,0.103,0.092,0.131,0.093,1.245,0.064,0.027,0.095,0.025,0.255,0.068,0.065,0.065,0.392,0.428,0.375,-1.383,-0.78,-0.022,21.24,15.9,22.31,-9999,-9999,-9999,-9999,-9999,-9999,-9999,-9999,-9999,-9999,-9999,-9999,0.066
2025,266.47917,1130,0.991,-0.419,0.059,0.078,0.07,0.145,1.502,0.028,-0.037,0.024,0.029,0.189,0.067,0.059,0.079,0.443,0.465,0.52,-1.286,0.17,0.024,21.75,16.38,22.14,-9999,-9999,-9999,-9999,-9999,-9999,-9999,-9999,-9999,-9999,-9999,-9999,0.068
2025,266.5,1200,0.635,-0.124,0.075,0.059,0.097,0.091,1.266,0.03,0.027,0.121,0.048,0.168,0.051,0.043,0.068,0.405,0.467,0.495,-1.324,-0.392,-0.001,21.88,16.61,21.48,-9999,-9999,-9999,-9999,-9999,-9999,-9999,-9999,-9999,-9999,-9999,-9999,0.071
